-3.481796380000000135e-01 6.964332460000000058e-01 4.000000000000000000e+00
-3.435882029999999809e-01 6.992350219999999839e-01 4.000000000000000000e+00
-3.559381959999999845e-01 6.981577869999999741e-01 4.000000000000000000e+00
-3.486479219999999990e-01 7.044160959999999916e-01 4.000000000000000000e+00
-3.365123270000000000e-01 6.702117319999999490e-01 4.000000000000000000e+00
-3.316311840000000233e-01 6.721922759999999775e-01 4.000000000000000000e+00
-3.529508709999999994e-01 6.937099700000000091e-01 4.000000000000000000e+00
-3.443432149999999803e-01 6.936853530000000045e-01 4.000000000000000000e+00
-3.461201789999999723e-01 7.087198500000000401e-01 4.000000000000000000e+00
-3.369202020000000020e-01 6.659235949999999793e-01 4.000000000000000000e+00
-3.499971029999999761e-01 7.117595669999999819e-01 4.000000000000000000e+00
-3.446928559999999919e-01 6.727768779999999671e-01 4.000000000000000000e+00
-3.327513930000000064e-01 6.822476389999999613e-01 4.000000000000000000e+00
-3.608756659999999838e-01 6.948982479999999962e-01 4.000000000000000000e+00
-3.382326959999999993e-01 6.951019760000000103e-01 4.000000000000000000e+00
-3.444211480000000103e-01 6.895205970000000129e-01 4.000000000000000000e+00
-3.632645010000000174e-01 6.929638980000000226e-01 4.000000000000000000e+00
-3.607079089999999932e-01 7.059035299999999458e-01 4.000000000000000000e+00
-3.245203199999999732e-01 6.746821400000000413e-01 4.000000000000000000e+00
-3.376834089999999899e-01 6.842770580000000491e-01 4.000000000000000000e+00
-3.422129749999999748e-01 6.840759520000000427e-01 4.000000000000000000e+00
-3.352650699999999984e-01 6.946644779999999741e-01 4.000000000000000000e+00
-3.539903460000000113e-01 7.116398809999999742e-01 4.000000000000000000e+00
-3.577898139999999838e-01 7.090865370000000167e-01 4.000000000000000000e+00
-3.635130819999999874e-01 7.038896679999999684e-01 4.000000000000000000e+00
-3.466795089999999968e-01 6.713436249999999994e-01 4.000000000000000000e+00
-3.636678159999999771e-01 7.039019469999999723e-01 4.000000000000000000e+00
-3.532900509999999938e-01 6.851753590000000393e-01 4.000000000000000000e+00
-3.616278470000000023e-01 6.906612519999999478e-01 4.000000000000000000e+00
-3.230396509999999832e-01 6.708443760000000200e-01 4.000000000000000000e+00
-3.250133689999999964e-01 6.862558130000000478e-01 4.000000000000000000e+00
-3.624579310000000110e-01 7.027713060000000400e-01 4.000000000000000000e+00
-3.256597520000000245e-01 6.620736720000000020e-01 4.000000000000000000e+00
-3.564955289999999777e-01 7.136665580000000064e-01 4.000000000000000000e+00
-3.312452730000000067e-01 6.888539790000000052e-01 4.000000000000000000e+00
-3.653291459999999935e-01 7.045646909999999652e-01 4.000000000000000000e+00
-3.298236429999999997e-01 6.865770220000000368e-01 4.000000000000000000e+00
-3.547416930000000246e-01 7.145705220000000413e-01 4.000000000000000000e+00
-3.537882270000000107e-01 6.799923180000000400e-01 4.000000000000000000e+00
-3.666912909999999748e-01 7.039041520000000052e-01 4.000000000000000000e+00
-3.201242089999999929e-01 6.685491799999999651e-01 4.000000000000000000e+00
-3.189757469999999762e-01 6.850510239999999529e-01 4.000000000000000000e+00
-3.332658410000000071e-01 6.905825140000000362e-01 4.000000000000000000e+00
-3.212926090000000068e-01 6.873751879999999703e-01 4.000000000000000000e+00
-3.203149140000000061e-01 6.746774319999999658e-01 4.000000000000000000e+00
-3.673757020000000262e-01 6.908496619999999755e-01 4.000000000000000000e+00
-3.207836749999999904e-01 6.730500459999999574e-01 4.000000000000000000e+00
-3.191476759999999913e-01 6.700242159999999503e-01 4.000000000000000000e+00
-3.633986120000000097e-01 7.235306500000000529e-01 4.000000000000000000e+00
-3.449414670000000016e-01 7.173870209999999581e-01 4.000000000000000000e+00
-3.300295169999999945e-01 6.986231800000000103e-01 4.000000000000000000e+00
-3.177791240000000239e-01 6.915416119999999722e-01 4.000000000000000000e+00
-3.159336150000000010e-01 6.873530749999999800e-01 4.000000000000000000e+00
-3.278874159999999871e-01 6.596060400000000046e-01 4.000000000000000000e+00
-3.297956289999999790e-01 7.051483990000000368e-01 4.000000000000000000e+00
-3.724077940000000142e-01 7.062043550000000058e-01 4.000000000000000000e+00
-3.347925840000000042e-01 7.109660509999999878e-01 4.000000000000000000e+00
-3.174430730000000200e-01 6.730965380000000220e-01 4.000000000000000000e+00
-3.738645910000000239e-01 7.118272780000000077e-01 4.000000000000000000e+00
-3.564276399999999900e-01 7.213090659999999987e-01 4.000000000000000000e+00
-3.117620349999999929e-01 6.644617320000000271e-01 4.000000000000000000e+00
-3.714012210000000036e-01 6.994338629999999890e-01 4.000000000000000000e+00
-3.307637569999999916e-01 7.093307380000000162e-01 4.000000000000000000e+00
-3.540184200000000003e-01 6.754041309999999632e-01 4.000000000000000000e+00
-3.139948550000000171e-01 6.711938979999999555e-01 4.000000000000000000e+00
-3.446172769999999996e-01 6.633825899999999942e-01 4.000000000000000000e+00
-3.715304429999999880e-01 7.228181959999999684e-01 4.000000000000000000e+00
-3.475828469999999726e-01 6.630502339999999606e-01 4.000000000000000000e+00
-3.142158990000000207e-01 6.716542239999999664e-01 4.000000000000000000e+00
-3.254028259999999784e-01 6.578430530000000109e-01 4.000000000000000000e+00
-3.720983270000000065e-01 7.241837380000000213e-01 4.000000000000000000e+00
-3.726027610000000045e-01 7.238675359999999781e-01 4.000000000000000000e+00
-3.309780059999999913e-01 7.112771270000000090e-01 4.000000000000000000e+00
-3.339073659999999832e-01 7.124478220000000084e-01 4.000000000000000000e+00
-3.532274069999999933e-01 6.708231569999999477e-01 4.000000000000000000e+00
-3.124042450000000248e-01 6.813689469999999471e-01 4.000000000000000000e+00
-3.729175330000000232e-01 6.970862749999999775e-01 4.000000000000000000e+00
-3.326100109999999832e-01 7.126914260000000167e-01 4.000000000000000000e+00
-3.262124359999999945e-01 7.021594639999999554e-01 4.000000000000000000e+00
-3.235779400000000083e-01 6.542774439999999858e-01 4.000000000000000000e+00
-3.718528750000000271e-01 7.293338780000000465e-01 4.000000000000000000e+00
-3.770008089999999923e-01 7.057683470000000181e-01 4.000000000000000000e+00
-3.130931559999999836e-01 6.529542799999999980e-01 4.000000000000000000e+00
-3.805162009999999984e-01 7.257715460000000451e-01 4.000000000000000000e+00
-3.600159589999999965e-01 7.313837410000000316e-01 4.000000000000000000e+00
-3.725637789999999838e-01 7.346139550000000407e-01 4.000000000000000000e+00
-3.247535229999999884e-01 7.013251780000000490e-01 4.000000000000000000e+00
-3.752842550000000110e-01 6.991331579999999768e-01 4.000000000000000000e+00
-3.356129829999999759e-01 7.193812729999999878e-01 4.000000000000000000e+00
-3.272251780000000054e-01 7.116625909999999555e-01 4.000000000000000000e+00
-3.887908159999999835e-01 7.337127919999999470e-01 4.000000000000000000e+00
-3.246594669999999794e-01 7.045218349999999852e-01 4.000000000000000000e+00
-3.835265039999999903e-01 7.095460890000000465e-01 4.000000000000000000e+00
-3.410272899999999829e-01 6.584959630000000175e-01 4.000000000000000000e+00
-3.074640330000000255e-01 6.851226689999999619e-01 4.000000000000000000e+00
-3.862033779999999861e-01 7.127916810000000103e-01 4.000000000000000000e+00
-3.096155230000000036e-01 6.873192790000000052e-01 4.000000000000000000e+00
-3.795100750000000023e-01 7.345961330000000400e-01 4.000000000000000000e+00
-3.840571640000000064e-01 7.205224630000000019e-01 4.000000000000000000e+00
-3.399972319999999826e-01 6.567607519999999477e-01 4.000000000000000000e+00
-3.740255530000000106e-01 7.388975020000000393e-01 4.000000000000000000e+00
-3.887798789999999949e-01 7.236961130000000297e-01 4.000000000000000000e+00
-3.598853949999999968e-01 6.702144740000000045e-01 4.000000000000000000e+00
-3.081262710000000071e-01 6.872576479999999988e-01 4.000000000000000000e+00
-3.731818800000000214e-01 6.875514980000000387e-01 4.000000000000000000e+00
-3.562862869999999793e-01 6.666618589999999678e-01 4.000000000000000000e+00
-3.869721890000000220e-01 7.167113419999999735e-01 4.000000000000000000e+00
-3.655425310000000039e-01 7.339796419999999877e-01 4.000000000000000000e+00
-3.244024520000000078e-01 6.458027360000000439e-01 4.000000000000000000e+00
-3.218491969999999758e-01 7.042479520000000104e-01 4.000000000000000000e+00
-3.425583240000000251e-01 7.261015180000000013e-01 4.000000000000000000e+00
-2.999823690000000265e-01 6.736981269999999800e-01 4.000000000000000000e+00
-3.705646100000000165e-01 7.379738689999999490e-01 4.000000000000000000e+00
-3.019506339999999955e-01 6.718401910000000310e-01 4.000000000000000000e+00
-3.426622149999999922e-01 7.285649180000000058e-01 4.000000000000000000e+00
-3.074045180000000155e-01 6.502441169999999548e-01 4.000000000000000000e+00
-3.920683859999999910e-01 7.403932210000000458e-01 4.000000000000000000e+00
-3.224979640000000258e-01 7.087831500000000284e-01 4.000000000000000000e+00
-3.408244850000000103e-01 7.259197240000000440e-01 4.000000000000000000e+00
-3.772435490000000113e-01 7.386082409999999987e-01 4.000000000000000000e+00
-3.274909559999999997e-01 6.427609920000000310e-01 4.000000000000000000e+00
-3.403322100000000239e-01 6.532761449999999748e-01 4.000000000000000000e+00
-3.927452559999999870e-01 7.290231590000000317e-01 4.000000000000000000e+00
-3.708124760000000020e-01 7.408238050000000019e-01 4.000000000000000000e+00
-3.860824110000000142e-01 7.471452950000000426e-01 4.000000000000000000e+00
-3.032307029999999903e-01 6.819501519999999761e-01 4.000000000000000000e+00
-3.875360489999999936e-01 7.388094069999999736e-01 4.000000000000000000e+00
-3.150076569999999965e-01 6.420468689999999645e-01 4.000000000000000000e+00
-3.164840939999999936e-01 6.397369499999999709e-01 4.000000000000000000e+00
-3.054461780000000126e-01 6.457268600000000136e-01 4.000000000000000000e+00
-3.758263589999999987e-01 7.467198969999999658e-01 4.000000000000000000e+00
-2.952789960000000158e-01 6.738471980000000361e-01 4.000000000000000000e+00
-3.067188559999999842e-01 6.439964179999999594e-01 4.000000000000000000e+00
-3.830492200000000236e-01 7.490271330000000116e-01 4.000000000000000000e+00
-3.804730179999999962e-01 7.490314839999999696e-01 4.000000000000000000e+00
-3.085103630000000097e-01 6.398818490000000025e-01 4.000000000000000000e+00
-3.007408679999999945e-01 6.797503230000000451e-01 4.000000000000000000e+00
-3.979140219999999784e-01 7.311257119999999832e-01 4.000000000000000000e+00
-2.954724129999999893e-01 6.576409340000000103e-01 4.000000000000000000e+00
-2.994973960000000268e-01 6.430640819999999813e-01 4.000000000000000000e+00
-3.038161990000000090e-01 6.389500500000000471e-01 4.000000000000000000e+00
-4.043478970000000117e-01 7.535817030000000472e-01 4.000000000000000000e+00
-2.960903639999999948e-01 6.467313770000000517e-01 4.000000000000000000e+00
-3.454607729999999988e-01 6.539334060000000504e-01 4.000000000000000000e+00
-3.106276689999999951e-01 6.978275779999999484e-01 4.000000000000000000e+00
-4.015058579999999933e-01 7.168940310000000427e-01 4.000000000000000000e+00
-2.906830309999999806e-01 6.543864010000000064e-01 4.000000000000000000e+00
-4.012200530000000209e-01 7.510180469999999664e-01 4.000000000000000000e+00
-3.177948589999999851e-01 7.119258640000000193e-01 4.000000000000000000e+00
-3.910467919999999764e-01 7.481582159999999870e-01 4.000000000000000000e+00
-2.939141390000000187e-01 6.494458910000000529e-01 4.000000000000000000e+00
-3.997578920000000036e-01 7.149354220000000426e-01 4.000000000000000000e+00
-3.597003220000000168e-01 7.417468430000000446e-01 4.000000000000000000e+00
-3.915965260000000003e-01 7.539078000000000168e-01 4.000000000000000000e+00
-3.933878539999999813e-01 7.076757550000000174e-01 4.000000000000000000e+00
-2.884069679999999858e-01 6.574071049999999916e-01 4.000000000000000000e+00
-3.941872120000000090e-01 7.486826779999999903e-01 4.000000000000000000e+00
-3.726476129999999887e-01 6.768060329999999736e-01 4.000000000000000000e+00
-3.800706269999999942e-01 6.875905390000000006e-01 4.000000000000000000e+00
-3.957211379999999723e-01 7.555699350000000258e-01 4.000000000000000000e+00
-3.455370959999999880e-01 7.397984859999999774e-01 4.000000000000000000e+00
-3.956820369999999865e-01 7.605729100000000464e-01 4.000000000000000000e+00
-3.814184669999999833e-01 6.904716490000000206e-01 4.000000000000000000e+00
-3.288712500000000039e-01 7.277569170000000032e-01 4.000000000000000000e+00
-4.155049920000000174e-01 7.454319000000000361e-01 4.000000000000000000e+00
-3.955404759999999742e-01 7.018527390000000032e-01 4.000000000000000000e+00
-3.074658219999999997e-01 6.979156730000000142e-01 4.000000000000000000e+00
-3.015865679999999993e-01 6.333134169999999896e-01 4.000000000000000000e+00
-3.464626670000000019e-01 7.428566810000000187e-01 4.000000000000000000e+00
-2.985911669999999907e-01 6.379168629999999451e-01 4.000000000000000000e+00
-3.889187869999999880e-01 7.531023030000000285e-01 4.000000000000000000e+00
-2.899639310000000081e-01 6.507486700000000290e-01 4.000000000000000000e+00
-3.566804530000000084e-01 7.446070909999999987e-01 4.000000000000000000e+00
-3.269269759999999803e-01 6.365541219999999445e-01 4.000000000000000000e+00
-3.976015150000000165e-01 7.070469860000000439e-01 4.000000000000000000e+00
-2.879215179999999874e-01 6.678730849999999775e-01 4.000000000000000000e+00
-4.125795959999999929e-01 7.630525830000000065e-01 4.000000000000000000e+00
-3.921640220000000010e-01 7.588415739999999632e-01 4.000000000000000000e+00
-2.889507110000000267e-01 6.507776379999999916e-01 4.000000000000000000e+00
-3.787584600000000190e-01 6.769856810000000058e-01 4.000000000000000000e+00
-2.999698820000000210e-01 6.909686329999999987e-01 4.000000000000000000e+00
-3.146178419999999809e-01 6.296050549999999690e-01 4.000000000000000000e+00
-4.110512729999999948e-01 7.383351919999999735e-01 4.000000000000000000e+00
-2.939984199999999825e-01 6.384909149999999922e-01 4.000000000000000000e+00
-4.196402430000000239e-01 7.422320839999999587e-01 4.000000000000000000e+00
-3.997199539999999884e-01 7.051396370000000413e-01 4.000000000000000000e+00
-3.043783899999999987e-01 7.016830440000000335e-01 4.000000000000000000e+00
-2.798531949999999990e-01 6.638469099999999568e-01 4.000000000000000000e+00
-3.703010079999999871e-01 7.522739170000000142e-01 4.000000000000000000e+00
-3.863542970000000132e-01 7.625752089999999761e-01 4.000000000000000000e+00
-4.156116839999999812e-01 7.402239440000000226e-01 4.000000000000000000e+00
-3.832530679999999745e-01 6.846678259999999794e-01 4.000000000000000000e+00
-4.082074760000000135e-01 7.135852579999999445e-01 4.000000000000000000e+00
-3.800670500000000174e-01 7.585073709999999858e-01 4.000000000000000000e+00
-4.204914570000000129e-01 7.456696630000000381e-01 4.000000000000000000e+00
-4.210386569999999828e-01 7.435126300000000077e-01 4.000000000000000000e+00
-2.917892930000000051e-01 6.378698350000000517e-01 4.000000000000000000e+00
-2.856104970000000187e-01 6.399500369999999716e-01 4.000000000000000000e+00
-4.216659669999999749e-01 7.570962909999999768e-01 4.000000000000000000e+00
-2.756771149999999726e-01 6.618349550000000026e-01 4.000000000000000000e+00
-3.026332860000000013e-01 6.250414850000000078e-01 4.000000000000000000e+00
-3.085663319999999987e-01 7.098230720000000549e-01 4.000000000000000000e+00
-4.168732170000000181e-01 7.359643580000000407e-01 4.000000000000000000e+00
-3.016372030000000204e-01 6.248860360000000336e-01 4.000000000000000000e+00
-4.268454019999999849e-01 7.729548809999999825e-01 4.000000000000000000e+00
-4.234254960000000123e-01 7.467027309999999529e-01 4.000000000000000000e+00
-4.242978099999999975e-01 7.664101119999999767e-01 4.000000000000000000e+00
-3.605865540000000036e-01 6.522923710000000375e-01 4.000000000000000000e+00
-4.121747020000000039e-01 7.726073860000000071e-01 4.000000000000000000e+00
-3.570896390000000142e-01 7.522319560000000349e-01 4.000000000000000000e+00
-4.184698760000000184e-01 7.677662969999999865e-01 4.000000000000000000e+00
-3.706883489999999726e-01 6.599724289999999716e-01 4.000000000000000000e+00
-3.911875779999999803e-01 6.877464060000000323e-01 4.000000000000000000e+00
-3.717908859999999871e-01 6.605877879999999536e-01 4.000000000000000000e+00
-4.160950780000000071e-01 7.734460829999999509e-01 4.000000000000000000e+00
-2.920508379999999793e-01 6.251693959999999883e-01 4.000000000000000000e+00
-3.846828640000000132e-01 7.696276899999999754e-01 4.000000000000000000e+00
-4.254521729999999891e-01 7.539363500000000329e-01 4.000000000000000000e+00
-3.302892450000000091e-01 6.250926260000000401e-01 4.000000000000000000e+00
-4.142015580000000252e-01 7.796449659999999948e-01 4.000000000000000000e+00
-3.847391009999999723e-01 7.722580430000000051e-01 4.000000000000000000e+00
-3.065863850000000168e-01 7.144788499999999987e-01 4.000000000000000000e+00
-4.192923310000000181e-01 7.259072659999999955e-01 4.000000000000000000e+00
-3.772420289999999787e-01 7.671481369999999522e-01 4.000000000000000000e+00
-4.315477309999999900e-01 7.825422290000000336e-01 4.000000000000000000e+00
-3.372099399999999858e-01 6.322014929999999477e-01 4.000000000000000000e+00
-4.223799999999999777e-01 7.366921309999999723e-01 4.000000000000000000e+00
-3.388246300000000155e-01 6.294865010000000316e-01 4.000000000000000000e+00
-2.979853749999999968e-01 6.216364500000000071e-01 4.000000000000000000e+00
-2.669345140000000116e-01 6.386684179999999600e-01 4.000000000000000000e+00
-4.095217290000000010e-01 7.862844469999999975e-01 4.000000000000000000e+00
-2.974467869999999903e-01 6.211106779999999716e-01 4.000000000000000000e+00
-2.788960639999999991e-01 6.331484910000000355e-01 4.000000000000000000e+00
-3.013701140000000223e-01 6.196107859999999690e-01 4.000000000000000000e+00
-4.059791560000000077e-01 7.863929269999999638e-01 4.000000000000000000e+00
-3.006212710000000232e-01 6.216386560000000117e-01 4.000000000000000000e+00
-2.760734559999999949e-01 6.417515280000000155e-01 4.000000000000000000e+00
-2.662113309999999955e-01 6.299261449999999929e-01 4.000000000000000000e+00
-2.775832409999999806e-01 6.322826150000000478e-01 4.000000000000000000e+00
-2.661160229999999793e-01 6.286833880000000097e-01 4.000000000000000000e+00
-4.161837999999999926e-01 7.892952559999999451e-01 4.000000000000000000e+00
-2.646877770000000130e-01 6.395220160000000265e-01 4.000000000000000000e+00
-2.739008669999999923e-01 6.702182890000000226e-01 4.000000000000000000e+00
-3.488009570000000226e-01 6.353130940000000226e-01 4.000000000000000000e+00
-4.349604850000000078e-01 7.589507699999999968e-01 4.000000000000000000e+00
-4.101105629999999835e-01 7.031145100000000259e-01 4.000000000000000000e+00
-4.383384590000000136e-01 7.803153990000000206e-01 4.000000000000000000e+00
-4.347647430000000091e-01 7.456448669999999890e-01 4.000000000000000000e+00
-2.559471130000000039e-01 6.265653970000000239e-01 4.000000000000000000e+00
-2.832293510000000181e-01 6.163544650000000180e-01 4.000000000000000000e+00
-3.345839079999999854e-01 6.242935659999999665e-01 4.000000000000000000e+00
-2.541911009999999749e-01 6.221756339999999774e-01 4.000000000000000000e+00
-4.355560540000000258e-01 7.539864179999999916e-01 4.000000000000000000e+00
-2.549483479999999913e-01 6.289381379999999799e-01 4.000000000000000000e+00
-2.881597879999999723e-01 6.139061449999999587e-01 4.000000000000000000e+00
-2.882157559999999896e-01 6.141700150000000136e-01 4.000000000000000000e+00
-3.024771210000000154e-01 6.153394580000000058e-01 4.000000000000000000e+00
-4.025442000000000187e-01 7.874666449999999651e-01 4.000000000000000000e+00
-3.459834459999999723e-01 7.536814809999999865e-01 4.000000000000000000e+00
-2.590776679999999832e-01 6.419433949999999722e-01 4.000000000000000000e+00
-4.394929410000000258e-01 7.577871080000000426e-01 4.000000000000000000e+00
-3.402638729999999945e-01 6.252084369999999502e-01 4.000000000000000000e+00
-3.059288259999999871e-01 6.137508149999999496e-01 4.000000000000000000e+00
-3.015851379999999748e-01 7.183645370000000252e-01 4.000000000000000000e+00
-2.666924889999999770e-01 6.126770969999999483e-01 4.000000000000000000e+00
-4.434667529999999913e-01 7.816377279999999761e-01 4.000000000000000000e+00
-4.317308369999999784e-01 7.915373439999999761e-01 4.000000000000000000e+00
-2.788142559999999825e-01 6.174100639999999807e-01 4.000000000000000000e+00
-2.881301339999999822e-01 6.992688780000000381e-01 4.000000000000000000e+00
-3.833171730000000110e-01 6.656572819999999613e-01 4.000000000000000000e+00
-4.384500680000000261e-01 7.857901449999999954e-01 4.000000000000000000e+00
-4.370385410000000026e-01 7.874308230000000020e-01 4.000000000000000000e+00
-4.381507640000000259e-01 7.499836680000000477e-01 4.000000000000000000e+00
-3.303954299999999900e-01 7.433440089999999723e-01 4.000000000000000000e+00
-4.288598299999999974e-01 7.940956350000000219e-01 4.000000000000000000e+00
-3.305880729999999823e-01 6.200063230000000258e-01 4.000000000000000000e+00
-4.433032570000000061e-01 7.830818299999999788e-01 4.000000000000000000e+00
-3.817116019999999832e-01 7.820670010000000394e-01 4.000000000000000000e+00
-4.393403830000000010e-01 7.497978210000000310e-01 4.000000000000000000e+00
-3.609430189999999761e-01 6.420634979999999548e-01 4.000000000000000000e+00
-4.438361820000000235e-01 7.571412320000000529e-01 4.000000000000000000e+00
-4.476050730000000200e-01 7.894678120000000465e-01 4.000000000000000000e+00
-4.425900580000000084e-01 7.926866409999999696e-01 4.000000000000000000e+00
-2.564333679999999949e-01 6.465738420000000097e-01 4.000000000000000000e+00
-3.790968060000000084e-01 7.826007600000000064e-01 4.000000000000000000e+00
-4.312872289999999942e-01 7.983019949999999865e-01 4.000000000000000000e+00
-4.022566379999999997e-01 7.924457790000000168e-01 4.000000000000000000e+00
-4.543912110000000171e-01 7.632510070000000368e-01 4.000000000000000000e+00
-4.188965860000000152e-01 7.972527149999999452e-01 4.000000000000000000e+00
-4.128555059999999832e-01 7.972259520000000155e-01 4.000000000000000000e+00
-4.544439610000000074e-01 7.607845069999999987e-01 4.000000000000000000e+00
-3.520896729999999919e-01 6.284078360000000529e-01 4.000000000000000000e+00
-6.344240309999999994e-01 9.444304700000000219e-01 1.000000000000000000e+00
-6.315852400000000477e-01 9.548457259999999502e-01 1.000000000000000000e+00
-4.548541309999999949e-01 7.953085300000000135e-01 4.000000000000000000e+00
-4.382303949999999948e-01 7.352864150000000265e-01 4.000000000000000000e+00
-3.845073580000000213e-01 7.881350520000000026e-01 4.000000000000000000e+00
-6.282281280000000523e-01 9.510706660000000090e-01 1.000000000000000000e+00
-4.070152340000000035e-01 8.006364700000000445e-01 4.000000000000000000e+00
-4.552205200000000174e-01 8.006917239999999936e-01 4.000000000000000000e+00
-2.642859519999999907e-01 5.935200449999999961e-01 4.000000000000000000e+00
-6.350636480000000361e-01 9.416939020000000271e-01 1.000000000000000000e+00
-4.319588839999999874e-01 8.055213690000000426e-01 4.000000000000000000e+00
-6.410442589999999496e-01 9.470650550000000445e-01 1.000000000000000000e+00
-6.249758010000000530e-01 9.503520130000000510e-01 1.000000000000000000e+00
-6.438503859999999968e-01 9.336403009999999503e-01 1.000000000000000000e+00
-6.358463170000000497e-01 9.300230149999999529e-01 1.000000000000000000e+00
-6.341921090000000039e-01 9.287294149999999471e-01 1.000000000000000000e+00
-4.180612269999999797e-01 7.014300820000000103e-01 4.000000000000000000e+00
-6.308293339999999638e-01 9.368228910000000464e-01 1.000000000000000000e+00
-6.295066480000000020e-01 9.390865560000000167e-01 1.000000000000000000e+00
-2.942855360000000142e-01 5.949047210000000252e-01 4.000000000000000000e+00
-2.454982549999999986e-01 6.180693510000000446e-01 4.000000000000000000e+00
-6.559159159999999877e-01 9.357556700000000394e-01 1.000000000000000000e+00
-2.020720540000000010e-01 9.218717810000000012e-01 3.000000000000000000e+00
-1.985756750000000070e-01 8.889674539999999903e-01 3.000000000000000000e+00
-1.879235800000000067e-01 8.820581440000000439e-01 3.000000000000000000e+00
-6.430928710000000104e-01 9.555022119999999619e-01 1.000000000000000000e+00
-2.746951280000000106e-01 5.905616280000000051e-01 4.000000000000000000e+00
-1.932645289999999905e-01 8.876138329999999632e-01 3.000000000000000000e+00
-1.875183139999999915e-01 8.814481499999999858e-01 3.000000000000000000e+00
-1.712790580000000118e-01 9.048741460000000458e-01 3.000000000000000000e+00
-1.804796760000000055e-01 9.061564210000000452e-01 3.000000000000000000e+00
-2.092962859999999981e-01 9.147699479999999994e-01 3.000000000000000000e+00
-2.511508760000000229e-01 5.950446719999999967e-01 4.000000000000000000e+00
-1.962403510000000073e-01 8.856203559999999975e-01 3.000000000000000000e+00
-2.426877620000000013e-01 6.106727720000000303e-01 4.000000000000000000e+00
-2.104576979999999986e-01 9.250559809999999716e-01 3.000000000000000000e+00
-3.946427399999999919e-01 8.003786210000000123e-01 4.000000000000000000e+00
-6.301499609999999807e-01 9.697462319999999858e-01 1.000000000000000000e+00
-2.118542340000000024e-01 8.785084490000000246e-01 3.000000000000000000e+00
-6.118367310000000225e-01 9.456634520000000155e-01 1.000000000000000000e+00
-1.852782520000000044e-01 9.100609419999999838e-01 3.000000000000000000e+00
-2.029900400000000105e-01 9.089769119999999702e-01 3.000000000000000000e+00
-6.148064140000000233e-01 9.629257319999999787e-01 1.000000000000000000e+00
-1.938439309999999971e-01 9.285112020000000355e-01 3.000000000000000000e+00
-3.380078080000000207e-01 6.088911289999999754e-01 4.000000000000000000e+00
-2.029163539999999932e-01 8.859023449999999800e-01 3.000000000000000000e+00
-5.041480059999999819e-01 4.388571079999999958e-01 5.000000000000000000e+00
-1.736701129999999871e-01 9.102519749999999910e-01 3.000000000000000000e+00
-6.268474459999999748e-01 9.736360910000000368e-01 1.000000000000000000e+00
-4.686536490000000055e-01 7.788654569999999833e-01 4.000000000000000000e+00
-2.015662789999999871e-01 9.056789280000000497e-01 3.000000000000000000e+00
-1.881368459999999965e-01 9.018176789999999832e-01 3.000000000000000000e+00
-1.673893630000000132e-01 8.936889770000000510e-01 3.000000000000000000e+00
-6.236789820000000484e-01 9.250211720000000026e-01 1.000000000000000000e+00
-4.452363850000000123e-01 8.144726749999999793e-01 4.000000000000000000e+00
-5.470457079999999639e-01 4.837483759999999799e-01 5.000000000000000000e+00
-4.717630740000000045e-01 7.780987019999999754e-01 4.000000000000000000e+00
-2.188386320000000052e-01 9.136514660000000232e-01 3.000000000000000000e+00
-5.031681660000000278e-01 4.184828099999999829e-01 5.000000000000000000e+00
-4.448308349999999800e-01 8.189495209999999581e-01 4.000000000000000000e+00
-6.285816429999999677e-01 9.726075530000000136e-01 1.000000000000000000e+00
-1.763174240000000004e-01 8.852974179999999471e-01 3.000000000000000000e+00
-2.171244770000000102e-01 9.158641699999999775e-01 3.000000000000000000e+00
-1.754946709999999910e-01 8.845816850000000064e-01 3.000000000000000000e+00
-2.024268660000000108e-01 8.673895000000000355e-01 3.000000000000000000e+00
-1.729412670000000096e-01 9.178184870000000162e-01 3.000000000000000000e+00
-2.064087840000000118e-01 8.979868290000000419e-01 3.000000000000000000e+00
-6.282933349999999528e-01 9.211488960000000503e-01 1.000000000000000000e+00
-6.571243409999999452e-01 9.289734360000000413e-01 1.000000000000000000e+00
-6.592737440000000504e-01 9.184148309999999871e-01 1.000000000000000000e+00
-3.014746899999999896e-01 5.932469369999999742e-01 4.000000000000000000e+00
-2.402156000000000013e-01 6.380231979999999581e-01 4.000000000000000000e+00
-2.360250349999999941e-01 6.281145809999999496e-01 4.000000000000000000e+00
-6.057806610000000536e-01 9.444235560000000529e-01 1.000000000000000000e+00
-2.152981909999999999e-01 9.029316899999999535e-01 3.000000000000000000e+00
-4.673543270000000138e-01 7.567245959999999716e-01 4.000000000000000000e+00
-5.088006259999999781e-01 4.219310880000000097e-01 5.000000000000000000e+00
-2.167486250000000003e-01 8.827110529999999677e-01 3.000000000000000000e+00
-6.005166170000000303e-01 9.556638600000000316e-01 1.000000000000000000e+00
-2.119102929999999996e-01 9.018184540000000471e-01 3.000000000000000000e+00
-6.631283759999999639e-01 9.441069359999999522e-01 1.000000000000000000e+00
-5.546910170000000084e-01 5.162547229999999709e-01 5.000000000000000000e+00
-4.964417819999999981e-01 4.222972389999999909e-01 5.000000000000000000e+00
-5.027019379999999593e-01 4.211618899999999832e-01 5.000000000000000000e+00
-2.314743400000000007e-01 8.904399870000000439e-01 3.000000000000000000e+00
-6.050755380000000239e-01 9.474104639999999522e-01 1.000000000000000000e+00
-6.467260120000000168e-01 9.048714039999999903e-01 1.000000000000000000e+00
-6.250465509999999503e-01 9.885792730000000361e-01 1.000000000000000000e+00
-5.139311549999999729e-01 4.564483759999999890e-01 5.000000000000000000e+00
-4.726202489999999923e-01 7.887769940000000091e-01 4.000000000000000000e+00
-6.083021159999999483e-01 9.683312179999999936e-01 1.000000000000000000e+00
-4.724628630000000107e-01 7.900668379999999935e-01 4.000000000000000000e+00
-2.344724089999999928e-01 6.025197509999999923e-01 4.000000000000000000e+00
-6.710977550000000180e-01 9.247965809999999509e-01 1.000000000000000000e+00
-1.734147520000000053e-01 9.341312649999999884e-01 3.000000000000000000e+00
-5.414343480000000097e-01 4.696816799999999903e-01 5.000000000000000000e+00
-6.313930749999999703e-01 9.064543250000000052e-01 1.000000000000000000e+00
-5.176576969999999722e-01 4.321210380000000129e-01 5.000000000000000000e+00
-5.558732149999999761e-01 4.945103820000000261e-01 5.000000000000000000e+00
-5.620257849999999999e-01 4.967958630000000042e-01 5.000000000000000000e+00
-5.506425499999999529e-01 4.851835669999999823e-01 5.000000000000000000e+00
-5.815384390000000181e-01 5.305624599999999580e-01 5.000000000000000000e+00
-1.941765840000000132e-01 9.372519849999999542e-01 3.000000000000000000e+00
-6.677575110000000258e-01 9.361407160000000394e-01 1.000000000000000000e+00
-4.755563740000000039e-01 8.057572840000000181e-01 4.000000000000000000e+00
-5.395823119999999529e-01 5.052311419999999664e-01 5.000000000000000000e+00
-5.551655890000000149e-01 5.016450289999999645e-01 5.000000000000000000e+00
-4.405882360000000220e-01 8.250831370000000220e-01 4.000000000000000000e+00
-6.419643760000000032e-01 9.823597069999999709e-01 1.000000000000000000e+00
-2.520504000000000078e-01 6.682267189999999690e-01 4.000000000000000000e+00
-5.931779740000000523e-01 5.223959679999999883e-01 5.000000000000000000e+00
-4.934013489999999891e-01 4.118378759999999916e-01 5.000000000000000000e+00
-4.920370580000000271e-01 4.045500459999999965e-01 5.000000000000000000e+00
-5.672513839999999696e-01 4.973593949999999819e-01 5.000000000000000000e+00
-5.899922850000000052e-01 5.289348360000000193e-01 5.000000000000000000e+00
-6.118609310000000523e-01 9.827682970000000129e-01 1.000000000000000000e+00
-5.910432340000000284e-01 5.328126549999999684e-01 5.000000000000000000e+00
-5.783098340000000226e-01 5.244703889999999813e-01 5.000000000000000000e+00
-5.275968909999999568e-01 4.665217999999999865e-01 5.000000000000000000e+00
-1.641471830000000021e-01 9.188812969999999858e-01 3.000000000000000000e+00
-6.552898289999999903e-01 9.639571909999999910e-01 1.000000000000000000e+00
-6.184858680000000497e-01 9.800454969999999877e-01 1.000000000000000000e+00
-2.370751500000000123e-01 8.869355319999999709e-01 3.000000000000000000e+00
-6.239404680000000258e-01 9.897804260000000465e-01 1.000000000000000000e+00
-5.049901599999999657e-01 4.577259719999999810e-01 5.000000000000000000e+00
-2.038450539999999978e-01 8.591762189999999633e-01 3.000000000000000000e+00
-5.348132850000000271e-01 4.646989109999999923e-01 5.000000000000000000e+00
-4.431376160000000120e-01 7.305403950000000091e-01 4.000000000000000000e+00
-1.886604129999999990e-01 8.683485389999999748e-01 3.000000000000000000e+00
-5.327190760000000136e-01 4.667270479999999777e-01 5.000000000000000000e+00
-6.021132470000000181e-01 5.233083370000000123e-01 5.000000000000000000e+00
-5.195333359999999567e-01 4.218260649999999723e-01 5.000000000000000000e+00
-5.773289200000000232e-01 5.373566149999999819e-01 5.000000000000000000e+00
-4.864925740000000109e-01 4.022641479999999881e-01 5.000000000000000000e+00
-2.605580089999999793e-01 5.848727820000000355e-01 4.000000000000000000e+00
-4.705543220000000249e-01 8.012844319999999909e-01 4.000000000000000000e+00
-6.664533620000000491e-01 9.022618529999999470e-01 1.000000000000000000e+00
-5.646591189999999871e-01 5.300230980000000258e-01 5.000000000000000000e+00
-2.310030760000000016e-01 8.757666950000000394e-01 3.000000000000000000e+00
-2.477042080000000090e-01 6.675835850000000349e-01 4.000000000000000000e+00
-5.016493199999999542e-01 4.650548990000000216e-01 5.000000000000000000e+00
-6.633369329999999620e-01 9.091925020000000135e-01 1.000000000000000000e+00
-6.809365750000000439e-01 8.597217200000000226e-01 1.000000000000000000e+00
-1.551677579999999890e-01 9.031044839999999851e-01 3.000000000000000000e+00
-6.048427219999999993e-01 5.464366080000000458e-01 5.000000000000000000e+00
-6.689655780000000052e-01 8.968464729999999774e-01 1.000000000000000000e+00
-6.039482950000000239e-01 5.392601489999999664e-01 5.000000000000000000e+00
-4.683022499999999755e-01 8.093363049999999781e-01 4.000000000000000000e+00
-6.648902300000000265e-01 8.981867430000000097e-01 1.000000000000000000e+00
-2.434992049999999963e-01 6.592936520000000078e-01 4.000000000000000000e+00
-2.261279670000000130e-01 6.121407749999999703e-01 4.000000000000000000e+00
-5.349414350000000207e-01 4.827286299999999919e-01 5.000000000000000000e+00
-5.300385949999999458e-01 4.760955570000000026e-01 5.000000000000000000e+00
-6.530004740000000529e-01 8.922508359999999916e-01 1.000000000000000000e+00
-6.032629609999999865e-01 9.775018690000000232e-01 1.000000000000000000e+00
-2.598289850000000123e-01 5.805755849999999496e-01 4.000000000000000000e+00
-2.255454359999999880e-01 5.902544859999999671e-01 4.000000000000000000e+00
-6.521926519999999838e-01 8.843603129999999535e-01 1.000000000000000000e+00
-4.074011739999999770e-01 1.196857449999999989e+00 2.000000000000000000e+00
-5.164705510000000555e-01 4.847364129999999771e-01 5.000000000000000000e+00
-5.145269630000000038e-01 4.765919450000000168e-01 5.000000000000000000e+00
-5.785093900000000122e-01 4.959407450000000162e-01 5.000000000000000000e+00
-6.781728860000000303e-01 8.424713609999999742e-01 1.000000000000000000e+00
-4.794852139999999929e-01 8.038346769999999974e-01 4.000000000000000000e+00
-5.368378759999999916e-01 4.518058600000000036e-01 5.000000000000000000e+00
-5.846728679999999567e-01 4.878495629999999861e-01 5.000000000000000000e+00
-2.359879019999999994e-01 9.135238530000000523e-01 3.000000000000000000e+00
-2.250267860000000064e-01 9.063700439999999858e-01 3.000000000000000000e+00
-6.203960779999999620e-01 9.080399270000000245e-01 1.000000000000000000e+00
-5.928242209999999845e-01 5.014830230000000277e-01 5.000000000000000000e+00
-4.657713170000000180e-01 8.262485269999999549e-01 4.000000000000000000e+00
-4.084819559999999794e-01 8.169674869999999922e-01 4.000000000000000000e+00
-4.118137660000000255e-01 1.183770299999999942e+00 2.000000000000000000e+00
-5.918733480000000213e-01 9.573868509999999832e-01 1.000000000000000000e+00
-5.519850849999999864e-01 4.781477450000000129e-01 5.000000000000000000e+00
-5.757311579999999651e-01 4.968249499999999874e-01 5.000000000000000000e+00
-6.604169009999999451e-01 9.665519000000000194e-01 1.000000000000000000e+00
-6.216449139999999929e-01 9.908089039999999903e-01 1.000000000000000000e+00
-5.420715809999999690e-01 4.610990879999999903e-01 5.000000000000000000e+00
-6.696550850000000388e-01 8.525068160000000006e-01 1.000000000000000000e+00
-6.212907429999999787e-01 9.916919469999999626e-01 1.000000000000000000e+00
-4.904167349999999925e-01 4.443549219999999855e-01 5.000000000000000000e+00
-6.089083549999999567e-01 9.250524039999999948e-01 1.000000000000000000e+00
-4.760543409999999920e-01 4.180216789999999794e-01 5.000000000000000000e+00
-2.308674450000000045e-01 5.861286519999999722e-01 4.000000000000000000e+00
-5.033466819999999897e-01 3.958494659999999832e-01 5.000000000000000000e+00
-6.820304990000000123e-01 8.373200299999999929e-01 1.000000000000000000e+00
-5.456169250000000304e-01 4.445733430000000097e-01 5.000000000000000000e+00
-5.702430609999999955e-01 5.399676559999999625e-01 5.000000000000000000e+00
-4.107309279999999951e-01 1.182362080000000093e+00 2.000000000000000000e+00
-5.867204670000000233e-01 4.934358300000000197e-01 5.000000000000000000e+00
-5.937552449999999871e-01 5.701145530000000239e-01 5.000000000000000000e+00
-2.207502130000000007e-01 6.255796550000000122e-01 4.000000000000000000e+00
-2.256171260000000012e-01 6.010928150000000025e-01 4.000000000000000000e+00
-6.041093469999999632e-01 5.194763540000000290e-01 5.000000000000000000e+00
-6.748674510000000071e-01 9.036788940000000103e-01 1.000000000000000000e+00
-6.743573550000000472e-01 9.073889259999999846e-01 1.000000000000000000e+00
-2.280528549999999988e-01 5.956178899999999832e-01 4.000000000000000000e+00
-5.615640880000000168e-01 5.276194210000000329e-01 5.000000000000000000e+00
-6.741474269999999658e-01 8.752821090000000304e-01 1.000000000000000000e+00
-4.052321910000000194e-01 1.205268259999999980e+00 2.000000000000000000e+00
-6.614885929999999581e-01 9.605389239999999607e-01 1.000000000000000000e+00
-4.055161769999999777e-01 1.204788449999999900e+00 2.000000000000000000e+00
-3.977195620000000265e-01 1.185393810000000103e+00 2.000000000000000000e+00
-4.220658239999999783e-01 1.207475539999999903e+00 2.000000000000000000e+00
-5.203366879999999917e-01 4.881199900000000036e-01 5.000000000000000000e+00
-4.199865460000000161e-01 1.187329049999999997e+00 2.000000000000000000e+00
-2.238234879999999871e-01 6.229844089999999612e-01 4.000000000000000000e+00
-5.858110789999999568e-01 4.850036500000000084e-01 5.000000000000000000e+00
-2.073184550000000126e-01 8.522287610000000013e-01 3.000000000000000000e+00
-1.659564229999999918e-01 9.362989069999999581e-01 3.000000000000000000e+00
-2.234477549999999979e-01 6.227850910000000129e-01 4.000000000000000000e+00
-6.031831500000000013e-01 5.134642120000000309e-01 5.000000000000000000e+00
-3.955537679999999723e-01 1.193514229999999898e+00 2.000000000000000000e+00
-4.256565569999999910e-01 1.191790820000000029e+00 2.000000000000000000e+00
-1.680930109999999866e-01 8.631107810000000491e-01 3.000000000000000000e+00
-5.117824079999999665e-01 4.006274340000000045e-01 5.000000000000000000e+00
-4.833104010000000006e-01 3.821971120000000055e-01 5.000000000000000000e+00
-4.664393660000000219e-01 4.040050510000000039e-01 5.000000000000000000e+00
-6.671945449999999722e-01 8.587729929999999845e-01 1.000000000000000000e+00
-6.178908939999999683e-01 5.493586059999999716e-01 5.000000000000000000e+00
-6.722047330000000542e-01 8.806548709999999502e-01 1.000000000000000000e+00
-2.328501189999999943e-01 5.790380840000000084e-01 4.000000000000000000e+00
-6.748026010000000019e-01 8.720942739999999471e-01 1.000000000000000000e+00
-2.161859270000000000e-01 9.447057840000000484e-01 3.000000000000000000e+00
-6.110649110000000439e-01 9.900078770000000361e-01 1.000000000000000000e+00
-4.874792989999999770e-01 4.452456830000000032e-01 5.000000000000000000e+00
-6.715472340000000484e-01 8.066340090000000407e-01 1.000000000000000000e+00
-3.262167870000000081e-01 5.929759140000000484e-01 4.000000000000000000e+00
-6.881430149999999690e-01 8.978850840000000000e-01 1.000000000000000000e+00
-3.871543709999999971e-01 1.194017289999999898e+00 2.000000000000000000e+00
-4.138057230000000142e-01 6.773437260000000348e-01 4.000000000000000000e+00
-4.655150769999999993e-01 4.035938379999999825e-01 5.000000000000000000e+00
-4.673704499999999928e-01 3.900301460000000220e-01 5.000000000000000000e+00
-6.605986360000000168e-01 9.826174380000000097e-01 1.000000000000000000e+00
-6.196851730000000336e-01 5.568132999999999555e-01 5.000000000000000000e+00
-6.520702840000000000e-01 8.638252619999999826e-01 1.000000000000000000e+00
-3.524500130000000064e-01 7.822865839999999515e-01 4.000000000000000000e+00
-6.704527740000000291e-01 8.716096880000000491e-01 1.000000000000000000e+00
-5.125841500000000162e-01 4.026909770000000055e-01 5.000000000000000000e+00
-5.013427729999999638e-01 3.845421669999999903e-01 5.000000000000000000e+00
-3.946796360000000004e-01 6.540737749999999684e-01 4.000000000000000000e+00
-6.201298240000000517e-01 5.515868659999999535e-01 5.000000000000000000e+00
-3.877229689999999729e-01 1.212835789999999969e+00 2.000000000000000000e+00
-2.333752510000000058e-01 5.714356900000000516e-01 4.000000000000000000e+00
-6.101373429999999987e-01 5.132291319999999768e-01 5.000000000000000000e+00
-6.913136840000000394e-01 8.237047790000000536e-01 1.000000000000000000e+00
-6.136583089999999574e-01 5.276895759999999935e-01 5.000000000000000000e+00
-3.848862350000000210e-01 1.201721309999999932e+00 2.000000000000000000e+00
-5.126773119999999961e-01 5.018891690000000239e-01 5.000000000000000000e+00
-6.566486950000000045e-01 8.432887789999999884e-01 1.000000000000000000e+00
-4.973409770000000174e-01 4.868137840000000272e-01 5.000000000000000000e+00
-3.926981990000000255e-01 1.219813590000000003e+00 2.000000000000000000e+00
-2.713696360000000252e-01 7.013816830000000335e-01 4.000000000000000000e+00
-2.064492699999999903e-01 5.782592890000000097e-01 4.000000000000000000e+00
-4.267446100000000242e-01 1.199092629999999993e+00 2.000000000000000000e+00
-6.109498140000000355e-01 5.923961399999999600e-01 5.000000000000000000e+00
-6.857441659999999883e-01 8.173911569999999793e-01 1.000000000000000000e+00
-5.909729599999999916e-01 9.381008149999999768e-01 1.000000000000000000e+00
-5.514660479999999865e-01 4.355706269999999880e-01 5.000000000000000000e+00
-6.610918639999999735e-01 8.008791210000000271e-01 1.000000000000000000e+00
-5.410517449999999728e-01 4.136378170000000187e-01 5.000000000000000000e+00
-5.109219550000000387e-01 3.825468719999999823e-01 5.000000000000000000e+00
-2.495224620000000004e-01 5.764117239999999587e-01 4.000000000000000000e+00
-5.293534989999999496e-01 4.038215880000000091e-01 5.000000000000000000e+00
-3.784121570000000268e-01 1.184066770000000046e+00 2.000000000000000000e+00
-4.629710020000000203e-01 3.900081519999999968e-01 5.000000000000000000e+00
-2.157668169999999996e-01 5.646429060000000000e-01 4.000000000000000000e+00
-3.798987269999999916e-01 1.203742150000000066e+00 2.000000000000000000e+00
-6.710007190000000232e-01 7.801674010000000381e-01 1.000000000000000000e+00
-6.101210120000000181e-01 5.860312579999999993e-01 5.000000000000000000e+00
-3.793330489999999777e-01 1.187417629999999891e+00 2.000000000000000000e+00
-3.557482659999999797e-01 6.140488389999999574e-01 4.000000000000000000e+00
-6.489762660000000238e-01 8.460230829999999536e-01 1.000000000000000000e+00
-3.894096020000000213e-01 1.199293850000000106e+00 2.000000000000000000e+00
-6.014158130000000213e-01 9.166824820000000207e-01 1.000000000000000000e+00
-1.472803209999999918e-01 9.022871850000000471e-01 3.000000000000000000e+00
-1.543773260000000092e-01 9.262233970000000038e-01 3.000000000000000000e+00
-6.534745100000000084e-01 8.236594799999999994e-01 1.000000000000000000e+00
-5.710418219999999767e-01 5.604875089999999949e-01 5.000000000000000000e+00
-3.146202559999999870e-01 5.848319530000000155e-01 4.000000000000000000e+00
-4.950852099999999978e-01 4.850071369999999771e-01 5.000000000000000000e+00
-7.062738539999999787e-01 8.577462430000000193e-01 1.000000000000000000e+00
-2.099854050000000139e-01 9.574720860000000000e-01 3.000000000000000000e+00
-4.901597500000000052e-01 3.727664050000000229e-01 5.000000000000000000e+00
-4.068416950000000032e-01 1.164631009999999911e+00 2.000000000000000000e+00
-4.997323160000000097e-01 3.730088469999999767e-01 5.000000000000000000e+00
-6.156567929999999800e-01 9.984215499999999910e-01 1.000000000000000000e+00
-5.509307380000000309e-01 4.353453520000000188e-01 5.000000000000000000e+00
-1.808351129999999918e-01 8.495821359999999878e-01 3.000000000000000000e+00
-4.636444450000000161e-01 4.181924759999999797e-01 5.000000000000000000e+00
-6.994729039999999509e-01 8.233220580000000233e-01 1.000000000000000000e+00
-6.520348790000000117e-01 8.335020539999999922e-01 1.000000000000000000e+00
-2.318994849999999885e-01 6.638655660000000180e-01 4.000000000000000000e+00
-4.856653510000000229e-01 8.208343980000000206e-01 4.000000000000000000e+00
-4.684631530000000210e-01 4.352622930000000223e-01 5.000000000000000000e+00
-6.946962479999999607e-01 8.137577179999999633e-01 1.000000000000000000e+00
-5.969167949999999445e-01 1.009886150000000038e+00 1.000000000000000000e+00
-4.287641640000000032e-01 1.211518759999999917e+00 2.000000000000000000e+00
-6.513009669999999529e-01 8.088101739999999928e-01 1.000000000000000000e+00
-4.302011130000000239e-01 1.208829759999999975e+00 2.000000000000000000e+00
-3.758444790000000091e-01 1.165570970000000095e+00 2.000000000000000000e+00
-6.774011850000000168e-01 7.827818389999999793e-01 1.000000000000000000e+00
-1.678447720000000032e-01 8.556238409999999961e-01 3.000000000000000000e+00
-5.214681629999999846e-01 3.933999240000000119e-01 5.000000000000000000e+00
-2.237603659999999883e-01 6.515486839999999891e-01 4.000000000000000000e+00
-6.377982500000000110e-01 8.564884659999999483e-01 1.000000000000000000e+00
-2.351474460000000100e-01 9.553918839999999690e-01 3.000000000000000000e+00
-5.961791870000000548e-01 5.995751620000000504e-01 5.000000000000000000e+00
-1.473879810000000012e-01 9.334057569999999471e-01 3.000000000000000000e+00
-2.294715340000000048e-01 9.567518830000000252e-01 3.000000000000000000e+00
-6.237573029999999852e-01 5.787540079999999865e-01 5.000000000000000000e+00
-6.345256569999999652e-01 5.526991489999999452e-01 5.000000000000000000e+00
-5.244405869999999581e-01 3.864591119999999935e-01 5.000000000000000000e+00
-2.397389109999999990e-01 5.559027789999999580e-01 4.000000000000000000e+00
-6.931872959999999528e-01 8.060396909999999471e-01 1.000000000000000000e+00
-2.412033080000000052e-01 5.608622429999999826e-01 4.000000000000000000e+00
-6.235340240000000200e-01 5.122231839999999981e-01 5.000000000000000000e+00
-4.884673660000000139e-01 8.156267999999999851e-01 4.000000000000000000e+00
-6.120752099999999807e-01 5.064545870000000116e-01 5.000000000000000000e+00
-7.040736680000000414e-01 8.305575849999999871e-01 1.000000000000000000e+00
-1.472936870000000065e-01 9.311550259999999968e-01 3.000000000000000000e+00
-6.251626609999999529e-01 5.824025269999999477e-01 5.000000000000000000e+00
-6.240223049999999994e-01 5.767238139999999458e-01 5.000000000000000000e+00
-2.430754900000000052e-01 9.440997840000000529e-01 3.000000000000000000e+00
-4.736198480000000099e-01 4.507240650000000071e-01 5.000000000000000000e+00
-2.222257850000000090e-01 9.568814639999999594e-01 3.000000000000000000e+00
-5.786868330000000116e-01 9.772802590000000400e-01 1.000000000000000000e+00
-4.181385639999999904e-01 1.158135769999999898e+00 2.000000000000000000e+00
-4.616065619999999980e-01 4.001936320000000213e-01 5.000000000000000000e+00
-6.690779919999999548e-01 9.742321369999999980e-01 1.000000000000000000e+00
-1.761351080000000124e-01 8.527416589999999852e-01 3.000000000000000000e+00
-6.341779829999999452e-01 5.750188229999999567e-01 5.000000000000000000e+00
-4.611664409999999825e-01 4.242470260000000271e-01 5.000000000000000000e+00
-5.678005219999999742e-01 4.468820989999999771e-01 5.000000000000000000e+00
-6.144009230000000432e-01 6.035474539999999832e-01 5.000000000000000000e+00
-2.146331670000000136e-01 6.421412829999999516e-01 4.000000000000000000e+00
-3.738217649999999725e-01 1.209356780000000020e+00 2.000000000000000000e+00
-2.332615550000000093e-01 5.486386420000000097e-01 4.000000000000000000e+00
-6.284526590000000246e-01 5.324822660000000374e-01 5.000000000000000000e+00
-5.820555689999999949e-01 4.582767779999999957e-01 5.000000000000000000e+00
-3.965543510000000271e-01 8.248468639999999574e-01 4.000000000000000000e+00
-4.886111920000000275e-01 8.317819829999999470e-01 4.000000000000000000e+00
-7.074545620000000090e-01 8.782570960000000149e-01 1.000000000000000000e+00
-6.233005520000000077e-01 6.181907060000000342e-01 5.000000000000000000e+00
-1.307415809999999956e-01 9.249997140000000284e-01 3.000000000000000000e+00
-6.360843179999999819e-01 6.013403529999999941e-01 5.000000000000000000e+00
-1.256274729999999895e-01 9.424474240000000336e-01 3.000000000000000000e+00
-7.020584939999999774e-01 8.746430280000000446e-01 1.000000000000000000e+00
-6.076459290000000291e-01 6.121883390000000258e-01 5.000000000000000000e+00
-6.349174979999999691e-01 6.210840939999999755e-01 5.000000000000000000e+00
-3.710429670000000013e-01 1.211621169999999914e+00 2.000000000000000000e+00
-1.357256470000000048e-01 9.128597969999999728e-01 3.000000000000000000e+00
-6.009731289999999948e-01 6.339330669999999612e-01 5.000000000000000000e+00
-7.068326470000000361e-01 8.100120429999999594e-01 1.000000000000000000e+00
-5.646756889999999807e-01 4.375565350000000242e-01 5.000000000000000000e+00
-1.355398300000000000e-01 9.268551470000000458e-01 3.000000000000000000e+00
-3.864780959999999932e-01 1.230967279999999997e+00 2.000000000000000000e+00
-7.036424279999999865e-01 7.891710400000000458e-01 1.000000000000000000e+00
-6.003775599999999768e-01 6.347431540000000316e-01 5.000000000000000000e+00
-6.047191619999999768e-01 6.089109780000000471e-01 5.000000000000000000e+00
-1.367886959999999874e-01 9.262388940000000348e-01 3.000000000000000000e+00
-5.037497279999999522e-01 5.029750469999999529e-01 5.000000000000000000e+00
-7.132365699999999586e-01 8.244842289999999574e-01 1.000000000000000000e+00
-7.096398470000000458e-01 8.239613180000000536e-01 1.000000000000000000e+00
-6.060230730000000232e-01 1.022256849999999995e+00 1.000000000000000000e+00
-2.188292739999999903e-01 9.646815659999999903e-01 3.000000000000000000e+00
-2.008581610000000073e-01 5.615383980000000497e-01 4.000000000000000000e+00
-5.682600140000000355e-01 5.513785479999999684e-01 5.000000000000000000e+00
-5.479143260000000071e-01 4.002268019999999926e-01 5.000000000000000000e+00
-5.919452910000000401e-01 6.035192010000000051e-01 5.000000000000000000e+00
-7.185218930000000226e-01 8.602468370000000419e-01 1.000000000000000000e+00
-2.277830389999999927e-01 8.499829770000000284e-01 3.000000000000000000e+00
-2.365661860000000116e-01 9.662148360000000213e-01 3.000000000000000000e+00
-6.058976050000000058e-01 8.951854110000000420e-01 1.000000000000000000e+00
-2.495211810000000086e-01 9.450184109999999471e-01 3.000000000000000000e+00
-7.147013549999999826e-01 8.227500319999999645e-01 1.000000000000000000e+00
-6.285309199999999930e-01 6.158059240000000045e-01 5.000000000000000000e+00
-2.515233159999999968e-01 8.662759660000000084e-01 3.000000000000000000e+00
-1.307774780000000026e-01 9.434106949999999658e-01 3.000000000000000000e+00
-4.730437989999999870e-01 8.432273860000000232e-01 4.000000000000000000e+00
-5.128250720000000484e-01 5.143216849999999729e-01 5.000000000000000000e+00
-6.337696910000000239e-01 8.011873360000000277e-01 1.000000000000000000e+00
-5.051596160000000335e-01 3.698708119999999933e-01 5.000000000000000000e+00
-1.302788259999999865e-01 9.424329399999999968e-01 3.000000000000000000e+00
-2.052640169999999931e-01 9.651587010000000078e-01 3.000000000000000000e+00
-6.781324149999999884e-01 9.637380840000000504e-01 1.000000000000000000e+00
-7.127872109999999761e-01 7.945094110000000542e-01 1.000000000000000000e+00
-4.987272620000000045e-01 5.029648540000000168e-01 5.000000000000000000e+00
-6.645023820000000025e-01 7.619987729999999626e-01 1.000000000000000000e+00
-6.086465720000000523e-01 1.020318030000000098e+00 1.000000000000000000e+00
-4.415596720000000142e-01 1.201958539999999909e+00 2.000000000000000000e+00
-6.580590010000000323e-01 7.747486829999999935e-01 1.000000000000000000e+00
-3.745349940000000100e-01 1.218584780000000034e+00 2.000000000000000000e+00
-5.674770470000000122e-01 5.548809169999999735e-01 5.000000000000000000e+00
-6.436139349999999704e-01 5.545413489999999612e-01 5.000000000000000000e+00
-5.903230910000000220e-01 6.341726779999999897e-01 5.000000000000000000e+00
-2.499604820000000116e-01 9.499969480000000077e-01 3.000000000000000000e+00
-2.724148330000000229e-01 5.650761130000000465e-01 4.000000000000000000e+00
-2.463213059999999899e-01 8.587995769999999807e-01 3.000000000000000000e+00
-2.002663759999999959e-01 6.186978220000000084e-01 4.000000000000000000e+00
-2.457669379999999903e-01 8.568406109999999742e-01 3.000000000000000000e+00
-1.586889330000000042e-01 8.443387749999999858e-01 3.000000000000000000e+00
-5.882512330000000400e-01 6.248545049999999490e-01 5.000000000000000000e+00
-4.071296750000000242e-01 1.152327300000000054e+00 2.000000000000000000e+00
-6.500416989999999728e-01 7.815657849999999573e-01 1.000000000000000000e+00
-1.673697829999999942e-01 8.386997579999999619e-01 3.000000000000000000e+00
-7.124986650000000310e-01 9.040259720000000110e-01 1.000000000000000000e+00
-4.700587990000000271e-01 4.592624009999999868e-01 5.000000000000000000e+00
-4.337272050000000045e-01 1.227032539999999949e+00 2.000000000000000000e+00
-5.006180999999999548e-01 8.119880560000000136e-01 4.000000000000000000e+00
-4.801089760000000206e-01 3.627499339999999961e-01 5.000000000000000000e+00
-6.326249240000000329e-01 8.330981140000000007e-01 1.000000000000000000e+00
-5.033518670000000084e-01 8.113580940000000297e-01 4.000000000000000000e+00
-4.810257259999999868e-01 3.605368729999999799e-01 5.000000000000000000e+00
-2.652536930000000126e-01 8.869851829999999548e-01 3.000000000000000000e+00
-7.306848169999999865e-01 7.974115609999999910e-01 1.000000000000000000e+00
-2.516534630000000217e-01 8.531649110000000258e-01 3.000000000000000000e+00
-6.406332850000000523e-01 7.833122609999999542e-01 1.000000000000000000e+00
-1.098381580000000052e-01 9.631872179999999561e-01 3.000000000000000000e+00
-4.453157480000000112e-01 1.164901380000000097e+00 2.000000000000000000e+00
-2.524102930000000078e-01 9.823368789999999962e-01 3.000000000000000000e+00
-5.790389780000000375e-01 1.022542239999999936e+00 1.000000000000000000e+00
-6.480145449999999974e-01 7.725421789999999955e-01 1.000000000000000000e+00
-2.529474789999999751e-01 9.618555309999999858e-01 3.000000000000000000e+00
-6.279211639999999761e-01 7.678872350000000013e-01 1.000000000000000000e+00
-6.345454449999999857e-01 6.305171849999999800e-01 5.000000000000000000e+00
-2.744652329999999751e-01 5.588942770000000504e-01 4.000000000000000000e+00
-2.491568030000000100e-01 9.618574380000000090e-01 3.000000000000000000e+00
-4.214638769999999868e-01 1.154956459999999963e+00 2.000000000000000000e+00
-7.039765719999999671e-01 9.323348399999999980e-01 1.000000000000000000e+00
-7.163546680000000277e-01 8.870602850000000039e-01 1.000000000000000000e+00
-4.544249479999999952e-01 1.200454350000000003e+00 2.000000000000000000e+00
-4.712046089999999965e-01 8.532131309999999580e-01 4.000000000000000000e+00
-1.981364489999999923e-01 5.397940869999999780e-01 4.000000000000000000e+00
-5.098884110000000414e-01 8.282557130000000045e-01 4.000000000000000000e+00
-4.644456510000000149e-01 4.562971000000000110e-01 5.000000000000000000e+00
-2.595887179999999961e-01 9.578864569999999690e-01 3.000000000000000000e+00
-6.454065439999999709e-01 7.580717209999999762e-01 1.000000000000000000e+00
-5.653535130000000297e-01 9.975647930000000052e-01 1.000000000000000000e+00
-5.763573650000000104e-01 6.067423220000000006e-01 5.000000000000000000e+00
-2.751553059999999884e-01 8.881121279999999452e-01 3.000000000000000000e+00
-2.242148069999999882e-01 5.360121129999999567e-01 4.000000000000000000e+00
-2.507074770000000119e-01 8.454372289999999568e-01 3.000000000000000000e+00
-5.662660600000000155e-01 4.054820239999999965e-01 5.000000000000000000e+00
-2.746650279999999777e-01 8.773500920000000258e-01 3.000000000000000000e+00
-2.743479910000000133e-01 8.702220320000000342e-01 3.000000000000000000e+00
-6.212916370000000077e-01 7.843474750000000162e-01 1.000000000000000000e+00
-3.409388070000000104e-01 1.201236250000000005e+00 2.000000000000000000e+00
-4.388056399999999968e-01 1.153991460000000080e+00 2.000000000000000000e+00
-5.570768710000000290e-01 1.015486239999999984e+00 1.000000000000000000e+00
-1.407443580000000138e-01 9.669570920000000180e-01 3.000000000000000000e+00
-4.874429699999999754e-01 5.045429470000000194e-01 5.000000000000000000e+00
-1.838924439999999882e-01 5.680285689999999832e-01 4.000000000000000000e+00
-2.669849400000000039e-01 8.694756630000000097e-01 3.000000000000000000e+00
-1.833878760000000052e-01 5.714087490000000491e-01 4.000000000000000000e+00
-2.792369720000000277e-01 5.518947239999999477e-01 4.000000000000000000e+00
-1.894490869999999882e-01 8.303328159999999736e-01 3.000000000000000000e+00
-5.741317270000000361e-01 1.043428900000000104e+00 1.000000000000000000e+00
-4.353673160000000042e-01 1.242871279999999912e+00 2.000000000000000000e+00
-5.923492910000000000e-01 1.058036799999999999e+00 1.000000000000000000e+00
-3.500274420000000219e-01 7.955569620000000342e-01 4.000000000000000000e+00
-1.562165620000000033e-01 8.206635709999999806e-01 3.000000000000000000e+00
-1.943036469999999960e-01 5.304275160000000433e-01 4.000000000000000000e+00
-6.594728229999999858e-01 7.374356989999999445e-01 1.000000000000000000e+00
-9.569682929999999421e-02 9.797379969999999716e-01 3.000000000000000000e+00
-2.186807390000000129e-01 6.695957179999999509e-01 4.000000000000000000e+00
-5.318417549999999716e-01 5.558184390000000530e-01 5.000000000000000000e+00
-4.721200759999999996e-01 8.595141170000000219e-01 4.000000000000000000e+00
-4.139381650000000246e-01 1.146382809999999974e+00 2.000000000000000000e+00
-1.490799929999999940e-01 8.171694280000000310e-01 3.000000000000000000e+00
-1.897128819999999993e-01 5.373549460000000000e-01 4.000000000000000000e+00
-2.808343770000000239e-01 9.713575239999999722e-01 3.000000000000000000e+00
-5.073686840000000142e-01 5.298663970000000445e-01 5.000000000000000000e+00
-4.399603610000000220e-01 3.973981440000000087e-01 5.000000000000000000e+00
-1.591801640000000129e-01 8.157621619999999574e-01 3.000000000000000000e+00
-5.598046180000000316e-01 1.023942350000000001e+00 1.000000000000000000e+00
-4.439021650000000152e-01 3.726597429999999878e-01 5.000000000000000000e+00
-9.535661339999999819e-02 9.802604320000000149e-01 3.000000000000000000e+00
-6.176757219999999826e-01 8.467101449999999696e-01 1.000000000000000000e+00
-9.006419779999999542e-02 9.462782739999999748e-01 3.000000000000000000e+00
-5.659394260000000232e-01 9.261807199999999574e-01 1.000000000000000000e+00
-5.091720220000000019e-01 8.552644849999999632e-01 4.000000000000000000e+00
-5.812900069999999975e-01 1.048398490000000072e+00 1.000000000000000000e+00
-6.429626349999999491e-01 7.397976520000000278e-01 1.000000000000000000e+00
-2.050472200000000023e-01 5.257135630000000504e-01 4.000000000000000000e+00
-1.727908250000000090e-01 5.598353740000000522e-01 4.000000000000000000e+00
-5.538411140000000232e-01 5.779483909999999502e-01 5.000000000000000000e+00
-6.124047639999999904e-01 8.601026539999999665e-01 1.000000000000000000e+00
-8.271383490000000505e-02 9.847366210000000342e-01 3.000000000000000000e+00
-6.669598220000000355e-01 5.834838150000000168e-01 5.000000000000000000e+00
-6.243098969999999470e-01 6.681578160000000155e-01 5.000000000000000000e+00
-5.658745170000000213e-01 1.047695159999999959e+00 1.000000000000000000e+00
-6.098736519999999883e-01 1.056942110000000046e+00 1.000000000000000000e+00
-8.562488109999999430e-02 9.431041479999999755e-01 3.000000000000000000e+00
-5.871563549999999632e-01 6.642500759999999671e-01 5.000000000000000000e+00
-7.006672019999999890e-01 7.461359499999999922e-01 1.000000000000000000e+00
-5.569646360000000129e-01 1.033398870000000080e+00 1.000000000000000000e+00
-5.056262609999999658e-01 5.355824230000000297e-01 5.000000000000000000e+00
-5.884453649999999980e-01 4.211153389999999774e-01 5.000000000000000000e+00
-1.732662919999999884e-01 5.829394460000000278e-01 4.000000000000000000e+00
-7.148860099999999607e-01 7.673536539999999961e-01 1.000000000000000000e+00
-3.555874529999999978e-01 1.236371040000000088e+00 2.000000000000000000e+00
-1.995867490000000077e-01 9.841712710000000142e-01 3.000000000000000000e+00
-7.093347309999999961e-01 7.517918940000000161e-01 1.000000000000000000e+00
-5.842724440000000019e-01 6.777625080000000413e-01 5.000000000000000000e+00
-4.847056269999999722e-01 8.689602610000000116e-01 4.000000000000000000e+00
-1.861514900000000028e-01 5.272328849999999845e-01 4.000000000000000000e+00
-5.685268039999999967e-01 6.689968109999999690e-01 5.000000000000000000e+00
-7.930760829999999872e-02 9.452385309999999929e-01 3.000000000000000000e+00
-8.230750259999999874e-02 9.406393769999999988e-01 3.000000000000000000e+00
-4.678241610000000161e-01 3.431894779999999923e-01 5.000000000000000000e+00
-6.638078689999999948e-01 7.315721509999999483e-01 1.000000000000000000e+00
-5.603927969999999981e-01 1.059530019999999961e+00 1.000000000000000000e+00
-2.598989609999999839e-01 1.007318380000000069e+00 3.000000000000000000e+00
-7.338099479999999897e-01 8.962743279999999535e-01 1.000000000000000000e+00
-6.050623659999999626e-01 8.633952139999999664e-01 1.000000000000000000e+00
-5.591800209999999716e-01 6.603317859999999762e-01 5.000000000000000000e+00
-6.087083819999999923e-01 7.256060239999999606e-01 1.000000000000000000e+00
-6.070933339999999845e-01 6.815177199999999935e-01 5.000000000000000000e+00
-4.291643800000000120e-01 1.250691769999999980e+00 2.000000000000000000e+00
-2.089872959999999891e-01 1.000853659999999978e+00 3.000000000000000000e+00
-6.540400389999999620e-01 6.295569540000000019e-01 5.000000000000000000e+00
-5.485298039999999542e-01 9.723559019999999942e-01 1.000000000000000000e+00
-5.966044660000000555e-01 4.426361320000000155e-01 5.000000000000000000e+00
-6.331527230000000284e-02 9.908485409999999716e-01 3.000000000000000000e+00
-1.524595470000000008e-01 7.961168290000000258e-01 3.000000000000000000e+00
-5.896078049999999710e-02 9.873071310000000045e-01 3.000000000000000000e+00
-3.898156289999999968e-01 6.158204080000000413e-01 4.000000000000000000e+00
-9.901857379999999542e-02 1.008724210000000010e+00 3.000000000000000000e+00
-6.007019279999999961e-01 7.816164490000000464e-01 1.000000000000000000e+00
-5.673663020000000445e-01 7.004355789999999748e-01 5.000000000000000000e+00
-5.346454379999999729e-01 1.005163189999999984e+00 1.000000000000000000e+00
-5.397480729999999671e-02 9.939854150000000388e-01 3.000000000000000000e+00
-2.539665400000000184e-01 1.012312050000000019e+00 3.000000000000000000e+00
-5.143750310000000381e-01 8.765952590000000155e-01 4.000000000000000000e+00
-7.188240289999999755e-01 7.614399790000000445e-01 1.000000000000000000e+00
-1.507666709999999910e-01 7.771608230000000006e-01 3.000000000000000000e+00
-1.455285699999999960e-01 7.803095580000000142e-01 3.000000000000000000e+00
-5.997785329999999471e-01 8.526877160000000400e-01 1.000000000000000000e+00
-4.029904899999999790e-01 1.132927889999999937e+00 2.000000000000000000e+00
-2.864788770000000206e-01 1.012914300000000045e+00 3.000000000000000000e+00
-4.896249469999999770e-01 8.850013020000000452e-01 4.000000000000000000e+00
-6.768422130000000259e-01 5.346620079999999664e-01 5.000000000000000000e+00
-1.181148439999999966e-01 7.957274319999999568e-01 3.000000000000000000e+00
-5.301234719999999845e-01 5.748181340000000361e-01 5.000000000000000000e+00
-4.261865910000000035e-01 3.643153009999999803e-01 5.000000000000000000e+00
-5.687344069999999974e-01 9.036966560000000426e-01 1.000000000000000000e+00
-1.448717120000000136e-01 5.781145690000000226e-01 4.000000000000000000e+00
-5.828462840000000478e-01 7.668074969999999491e-01 1.000000000000000000e+00
-3.056481779999999926e-01 8.590971830000000420e-01 3.000000000000000000e+00
-6.409275530000000387e-01 1.067462209999999967e+00 1.000000000000000000e+00
-6.785134080000000401e-01 5.517822500000000296e-01 5.000000000000000000e+00
-7.625877859999999342e-02 1.033397080000000079e+00 3.000000000000000000e+00
-6.318933960000000516e-01 6.848540899999999709e-01 5.000000000000000000e+00
-5.853823420000000555e-01 7.406637069999999490e-01 1.000000000000000000e+00
-2.951424719999999891e-01 9.129817489999999536e-01 3.000000000000000000e+00
-6.283264160000000542e-01 1.069715980000000011e+00 1.000000000000000000e+00
-2.308239940000000046e-01 5.007580520000000091e-01 4.000000000000000000e+00
-5.673140880000000497e-01 7.353957890000000219e-01 5.000000000000000000e+00
-5.148575899999999761e-01 9.942249060000000194e-01 1.000000000000000000e+00
-4.418407380000000106e-01 1.260918379999999894e+00 2.000000000000000000e+00
-3.245757519999999952e-01 1.214785809999999966e+00 2.000000000000000000e+00
-3.103406430000000271e-01 9.935955410000000265e-01 3.000000000000000000e+00
-2.799774409999999936e-01 1.041528220000000005e+00 3.000000000000000000e+00
-6.864985230000000271e-01 7.123267650000000284e-01 1.000000000000000000e+00
-5.078789590000000187e-01 9.970843200000000239e-01 1.000000000000000000e+00
-6.449642180000000335e-01 1.097553009999999940e+00 1.000000000000000000e+00
-5.356981750000000542e-01 6.358793969999999574e-01 5.000000000000000000e+00
-5.332551599999999503e-01 9.500552420000000220e-01 1.000000000000000000e+00
-5.379972459999999845e-01 8.989376430000000084e-01 1.000000000000000000e+00
-4.563347099999999767e-01 1.285218720000000037e+00 2.000000000000000000e+00
-6.481342909999999735e-01 1.133262750000000096e+00 1.000000000000000000e+00
-2.249742150000000052e-01 4.798026380000000035e-01 4.000000000000000000e+00
-3.205026389999999781e-01 1.008911609999999959e+00 3.000000000000000000e+00
-6.755448579999999703e-01 5.126290319999999845e-01 5.000000000000000000e+00
-5.178762080000000045e-01 6.287378070000000374e-01 5.000000000000000000e+00
-1.191332340000000045e-01 5.724552870000000349e-01 4.000000000000000000e+00
-2.980028089999999796e-01 1.066596029999999917e+00 3.000000000000000000e+00
