5.300000000000000000e+01 8.900000000000000000e+01 3.000000000000000000e+00
5.400000000000000000e+01 1.280000000000000000e+02 3.000000000000000000e+00
5.700000000000000000e+01 1.070000000000000000e+02 3.000000000000000000e+00
5.700000000000000000e+01 9.800000000000000000e+01 3.000000000000000000e+00
5.900000000000000000e+01 1.230000000000000000e+02 3.000000000000000000e+00
6.000000000000000000e+01 9.700000000000000000e+01 3.000000000000000000e+00
6.000000000000000000e+01 1.100000000000000000e+02 3.000000000000000000e+00
6.000000000000000000e+01 1.040000000000000000e+02 3.000000000000000000e+00
6.100000000000000000e+01 1.100000000000000000e+02 3.000000000000000000e+00
6.300000000000000000e+01 1.150000000000000000e+02 3.000000000000000000e+00
6.300000000000000000e+01 9.900000000000000000e+01 3.000000000000000000e+00
6.400000000000000000e+01 1.160000000000000000e+02 3.000000000000000000e+00
6.500000000000000000e+01 1.060000000000000000e+02 3.000000000000000000e+00
6.600000000000000000e+01 1.140000000000000000e+02 3.000000000000000000e+00
6.600000000000000000e+01 1.130000000000000000e+02 3.000000000000000000e+00
6.700000000000000000e+01 1.110000000000000000e+02 3.000000000000000000e+00
6.700000000000000000e+01 1.100000000000000000e+02 3.000000000000000000e+00
6.700000000000000000e+01 1.190000000000000000e+02 3.000000000000000000e+00
6.800000000000000000e+01 8.100000000000000000e+01 3.000000000000000000e+00
6.800000000000000000e+01 9.300000000000000000e+01 3.000000000000000000e+00
6.800000000000000000e+01 1.010000000000000000e+02 3.000000000000000000e+00
6.900000000000000000e+01 1.010000000000000000e+02 3.000000000000000000e+00
6.900000000000000000e+01 1.000000000000000000e+02 3.000000000000000000e+00
6.900000000000000000e+01 7.400000000000000000e+01 3.000000000000000000e+00
6.900000000000000000e+01 1.240000000000000000e+02 3.000000000000000000e+00
6.900000000000000000e+01 1.360000000000000000e+02 3.000000000000000000e+00
7.100000000000000000e+01 1.220000000000000000e+02 3.000000000000000000e+00
7.100000000000000000e+01 8.400000000000000000e+01 3.000000000000000000e+00
7.300000000000000000e+01 1.040000000000000000e+02 3.000000000000000000e+00
7.300000000000000000e+01 1.090000000000000000e+02 3.000000000000000000e+00
7.300000000000000000e+01 1.190000000000000000e+02 3.000000000000000000e+00
7.400000000000000000e+01 9.300000000000000000e+01 3.000000000000000000e+00
7.400000000000000000e+01 9.700000000000000000e+01 3.000000000000000000e+00
7.400000000000000000e+01 1.360000000000000000e+02 3.000000000000000000e+00
7.500000000000000000e+01 9.900000000000000000e+01 3.000000000000000000e+00
7.500000000000000000e+01 1.290000000000000000e+02 3.000000000000000000e+00
7.500000000000000000e+01 8.800000000000000000e+01 3.000000000000000000e+00
7.600000000000000000e+01 1.200000000000000000e+02 3.000000000000000000e+00
7.600000000000000000e+01 1.010000000000000000e+02 3.000000000000000000e+00
7.600000000000000000e+01 9.800000000000000000e+01 3.000000000000000000e+00
7.600000000000000000e+01 9.300000000000000000e+01 3.000000000000000000e+00
7.600000000000000000e+01 1.120000000000000000e+02 3.000000000000000000e+00
7.600000000000000000e+01 1.080000000000000000e+02 3.000000000000000000e+00
7.700000000000000000e+01 1.170000000000000000e+02 3.000000000000000000e+00
7.700000000000000000e+01 1.330000000000000000e+02 3.000000000000000000e+00
7.700000000000000000e+01 8.600000000000000000e+01 3.000000000000000000e+00
7.800000000000000000e+01 8.600000000000000000e+01 3.000000000000000000e+00
7.800000000000000000e+01 1.070000000000000000e+02 3.000000000000000000e+00
7.800000000000000000e+01 1.380000000000000000e+02 3.000000000000000000e+00
7.800000000000000000e+01 9.100000000000000000e+01 3.000000000000000000e+00
7.800000000000000000e+01 1.100000000000000000e+02 3.000000000000000000e+00
7.900000000000000000e+01 1.210000000000000000e+02 3.000000000000000000e+00
7.900000000000000000e+01 7.700000000000000000e+01 3.000000000000000000e+00
7.900000000000000000e+01 1.290000000000000000e+02 3.000000000000000000e+00
7.900000000000000000e+01 9.900000000000000000e+01 3.000000000000000000e+00
8.000000000000000000e+01 1.170000000000000000e+02 3.000000000000000000e+00
8.000000000000000000e+01 1.000000000000000000e+02 3.000000000000000000e+00
8.000000000000000000e+01 1.240000000000000000e+02 3.000000000000000000e+00
8.100000000000000000e+01 1.030000000000000000e+02 3.000000000000000000e+00
8.100000000000000000e+01 9.300000000000000000e+01 3.000000000000000000e+00
8.200000000000000000e+01 1.140000000000000000e+02 3.000000000000000000e+00
8.300000000000000000e+01 9.700000000000000000e+01 3.000000000000000000e+00
8.300000000000000000e+01 8.200000000000000000e+01 3.000000000000000000e+00
8.300000000000000000e+01 9.400000000000000000e+01 3.000000000000000000e+00
8.400000000000000000e+01 1.140000000000000000e+02 3.000000000000000000e+00
8.400000000000000000e+01 9.000000000000000000e+01 3.000000000000000000e+00
8.400000000000000000e+01 1.230000000000000000e+02 3.000000000000000000e+00
8.400000000000000000e+01 1.120000000000000000e+02 3.000000000000000000e+00
8.400000000000000000e+01 1.040000000000000000e+02 3.000000000000000000e+00
8.400000000000000000e+01 1.070000000000000000e+02 3.000000000000000000e+00
8.400000000000000000e+01 1.210000000000000000e+02 3.000000000000000000e+00
8.500000000000000000e+01 9.600000000000000000e+01 3.000000000000000000e+00
8.500000000000000000e+01 1.100000000000000000e+02 3.000000000000000000e+00
8.500000000000000000e+01 8.500000000000000000e+01 3.000000000000000000e+00
8.600000000000000000e+01 1.010000000000000000e+02 3.000000000000000000e+00
8.600000000000000000e+01 9.700000000000000000e+01 3.000000000000000000e+00
8.600000000000000000e+01 1.050000000000000000e+02 3.000000000000000000e+00
8.700000000000000000e+01 8.800000000000000000e+01 3.000000000000000000e+00
8.700000000000000000e+01 1.130000000000000000e+02 3.000000000000000000e+00
8.700000000000000000e+01 1.000000000000000000e+02 3.000000000000000000e+00
8.700000000000000000e+01 8.300000000000000000e+01 3.000000000000000000e+00
8.800000000000000000e+01 1.010000000000000000e+02 3.000000000000000000e+00
8.900000000000000000e+01 8.900000000000000000e+01 3.000000000000000000e+00
8.900000000000000000e+01 9.500000000000000000e+01 3.000000000000000000e+00
8.900000000000000000e+01 7.400000000000000000e+01 3.000000000000000000e+00
9.000000000000000000e+01 9.200000000000000000e+01 3.000000000000000000e+00
9.000000000000000000e+01 9.000000000000000000e+01 3.000000000000000000e+00
9.000000000000000000e+01 1.220000000000000000e+02 3.000000000000000000e+00
9.000000000000000000e+01 1.200000000000000000e+02 3.000000000000000000e+00
9.100000000000000000e+01 9.600000000000000000e+01 3.000000000000000000e+00
9.100000000000000000e+01 1.050000000000000000e+02 3.000000000000000000e+00
9.200000000000000000e+01 9.600000000000000000e+01 3.000000000000000000e+00
9.300000000000000000e+01 1.030000000000000000e+02 3.000000000000000000e+00
9.300000000000000000e+01 1.010000000000000000e+02 3.000000000000000000e+00
9.400000000000000000e+01 1.120000000000000000e+02 3.000000000000000000e+00
9.400000000000000000e+01 1.050000000000000000e+02 3.000000000000000000e+00
9.400000000000000000e+01 1.320000000000000000e+02 3.000000000000000000e+00
9.500000000000000000e+01 1.150000000000000000e+02 3.000000000000000000e+00
9.500000000000000000e+01 1.280000000000000000e+02 3.000000000000000000e+00
9.600000000000000000e+01 8.000000000000000000e+01 3.000000000000000000e+00
9.600000000000000000e+01 1.030000000000000000e+02 3.000000000000000000e+00
9.600000000000000000e+01 9.000000000000000000e+01 3.000000000000000000e+00
9.600000000000000000e+01 1.100000000000000000e+02 3.000000000000000000e+00
9.700000000000000000e+01 9.800000000000000000e+01 3.000000000000000000e+00
9.700000000000000000e+01 1.150000000000000000e+02 3.000000000000000000e+00
9.700000000000000000e+01 1.180000000000000000e+02 3.000000000000000000e+00
9.800000000000000000e+01 9.000000000000000000e+01 3.000000000000000000e+00
9.800000000000000000e+01 9.100000000000000000e+01 3.000000000000000000e+00
9.800000000000000000e+01 1.260000000000000000e+02 3.000000000000000000e+00
9.900000000000000000e+01 1.100000000000000000e+02 3.000000000000000000e+00
1.000000000000000000e+02 9.600000000000000000e+01 3.000000000000000000e+00
1.010000000000000000e+02 1.070000000000000000e+02 3.000000000000000000e+00
1.020000000000000000e+02 9.600000000000000000e+01 3.000000000000000000e+00
1.020000000000000000e+02 9.400000000000000000e+01 3.000000000000000000e+00
1.020000000000000000e+02 6.100000000000000000e+01 5.000000000000000000e+00
1.020000000000000000e+02 1.050000000000000000e+02 3.000000000000000000e+00
1.030000000000000000e+02 1.120000000000000000e+02 3.000000000000000000e+00
1.030000000000000000e+02 9.000000000000000000e+01 3.000000000000000000e+00
1.030000000000000000e+02 9.500000000000000000e+01 3.000000000000000000e+00
1.040000000000000000e+02 5.200000000000000000e+01 5.000000000000000000e+00
1.040000000000000000e+02 3.900000000000000000e+01 5.000000000000000000e+00
1.040000000000000000e+02 1.140000000000000000e+02 3.000000000000000000e+00
1.060000000000000000e+02 4.700000000000000000e+01 5.000000000000000000e+00
1.060000000000000000e+02 4.800000000000000000e+01 5.000000000000000000e+00
1.070000000000000000e+02 1.180000000000000000e+02 3.000000000000000000e+00
1.070000000000000000e+02 8.900000000000000000e+01 3.000000000000000000e+00
1.080000000000000000e+02 8.500000000000000000e+01 3.000000000000000000e+00
1.080000000000000000e+02 1.310000000000000000e+02 3.000000000000000000e+00
1.100000000000000000e+02 5.300000000000000000e+01 5.000000000000000000e+00
1.110000000000000000e+02 5.600000000000000000e+01 5.000000000000000000e+00
1.120000000000000000e+02 3.700000000000000000e+01 5.000000000000000000e+00
1.130000000000000000e+02 3.900000000000000000e+01 5.000000000000000000e+00
1.140000000000000000e+02 2.900000000000000000e+01 5.000000000000000000e+00
1.140000000000000000e+02 4.400000000000000000e+01 5.000000000000000000e+00
1.140000000000000000e+02 5.200000000000000000e+01 5.000000000000000000e+00
1.140000000000000000e+02 4.100000000000000000e+01 5.000000000000000000e+00
1.150000000000000000e+02 6.100000000000000000e+01 5.000000000000000000e+00
1.150000000000000000e+02 2.500000000000000000e+01 5.000000000000000000e+00
1.150000000000000000e+02 1.120000000000000000e+02 3.000000000000000000e+00
1.160000000000000000e+02 5.400000000000000000e+01 5.000000000000000000e+00
1.160000000000000000e+02 1.010000000000000000e+02 3.000000000000000000e+00
1.160000000000000000e+02 5.200000000000000000e+01 5.000000000000000000e+00
1.170000000000000000e+02 4.900000000000000000e+01 5.000000000000000000e+00
1.170000000000000000e+02 2.500000000000000000e+01 5.000000000000000000e+00
1.180000000000000000e+02 4.500000000000000000e+01 5.000000000000000000e+00
1.180000000000000000e+02 2.400000000000000000e+01 5.000000000000000000e+00
1.190000000000000000e+02 4.400000000000000000e+01 5.000000000000000000e+00
1.190000000000000000e+02 3.300000000000000000e+01 5.000000000000000000e+00
1.190000000000000000e+02 5.000000000000000000e+01 5.000000000000000000e+00
1.190000000000000000e+02 1.900000000000000000e+01 5.000000000000000000e+00
1.190000000000000000e+02 6.800000000000000000e+01 5.000000000000000000e+00
1.200000000000000000e+02 5.100000000000000000e+01 5.000000000000000000e+00
1.200000000000000000e+02 3.800000000000000000e+01 5.000000000000000000e+00
1.220000000000000000e+02 1.900000000000000000e+01 5.000000000000000000e+00
1.220000000000000000e+02 4.200000000000000000e+01 5.000000000000000000e+00
1.240000000000000000e+02 5.300000000000000000e+01 5.000000000000000000e+00
1.240000000000000000e+02 4.100000000000000000e+01 5.000000000000000000e+00
1.250000000000000000e+02 2.900000000000000000e+01 5.000000000000000000e+00
1.250000000000000000e+02 5.900000000000000000e+01 5.000000000000000000e+00
1.260000000000000000e+02 6.300000000000000000e+01 5.000000000000000000e+00
1.260000000000000000e+02 4.800000000000000000e+01 5.000000000000000000e+00
1.260000000000000000e+02 3.200000000000000000e+01 5.000000000000000000e+00
1.260000000000000000e+02 5.200000000000000000e+01 5.000000000000000000e+00
1.260000000000000000e+02 3.800000000000000000e+01 5.000000000000000000e+00
1.260000000000000000e+02 4.500000000000000000e+01 5.000000000000000000e+00
1.270000000000000000e+02 2.900000000000000000e+01 5.000000000000000000e+00
1.270000000000000000e+02 4.800000000000000000e+01 5.000000000000000000e+00
1.280000000000000000e+02 2.400000000000000000e+01 5.000000000000000000e+00
1.280000000000000000e+02 4.300000000000000000e+01 5.000000000000000000e+00
1.280000000000000000e+02 7.100000000000000000e+01 5.000000000000000000e+00
1.290000000000000000e+02 4.100000000000000000e+01 5.000000000000000000e+00
1.290000000000000000e+02 3.100000000000000000e+01 5.000000000000000000e+00
1.290000000000000000e+02 5.800000000000000000e+01 5.000000000000000000e+00
1.290000000000000000e+02 2.100000000000000000e+01 5.000000000000000000e+00
1.300000000000000000e+02 1.700000000000000000e+01 5.000000000000000000e+00
1.300000000000000000e+02 4.100000000000000000e+01 5.000000000000000000e+00
1.310000000000000000e+02 3.100000000000000000e+01 5.000000000000000000e+00
1.310000000000000000e+02 2.300000000000000000e+01 5.000000000000000000e+00
1.330000000000000000e+02 2.900000000000000000e+01 5.000000000000000000e+00
1.330000000000000000e+02 6.000000000000000000e+01 5.000000000000000000e+00
1.330000000000000000e+02 3.800000000000000000e+01 5.000000000000000000e+00
1.330000000000000000e+02 5.800000000000000000e+01 5.000000000000000000e+00
1.340000000000000000e+02 5.800000000000000000e+01 5.000000000000000000e+00
1.340000000000000000e+02 5.300000000000000000e+01 5.000000000000000000e+00
1.350000000000000000e+02 3.200000000000000000e+01 5.000000000000000000e+00
1.350000000000000000e+02 6.500000000000000000e+01 5.000000000000000000e+00
1.350000000000000000e+02 5.100000000000000000e+01 5.000000000000000000e+00
1.360000000000000000e+02 5.100000000000000000e+01 5.000000000000000000e+00
1.360000000000000000e+02 4.400000000000000000e+01 5.000000000000000000e+00
1.370000000000000000e+02 2.700000000000000000e+01 5.000000000000000000e+00
1.370000000000000000e+02 4.400000000000000000e+01 5.000000000000000000e+00
1.370000000000000000e+02 3.900000000000000000e+01 5.000000000000000000e+00
1.370000000000000000e+02 2.400000000000000000e+01 5.000000000000000000e+00
1.380000000000000000e+02 1.900000000000000000e+01 5.000000000000000000e+00
1.380000000000000000e+02 4.100000000000000000e+01 5.000000000000000000e+00
1.380000000000000000e+02 6.600000000000000000e+01 5.000000000000000000e+00
1.380000000000000000e+02 4.900000000000000000e+01 5.000000000000000000e+00
1.400000000000000000e+02 3.000000000000000000e+01 5.000000000000000000e+00
1.410000000000000000e+02 2.100000000000000000e+01 5.000000000000000000e+00
1.420000000000000000e+02 3.800000000000000000e+01 5.000000000000000000e+00
1.420000000000000000e+02 5.200000000000000000e+01 5.000000000000000000e+00
1.450000000000000000e+02 4.200000000000000000e+01 5.000000000000000000e+00
1.450000000000000000e+02 3.400000000000000000e+01 5.000000000000000000e+00
1.450000000000000000e+02 2.700000000000000000e+01 5.000000000000000000e+00
1.460000000000000000e+02 5.600000000000000000e+01 5.000000000000000000e+00
1.460000000000000000e+02 4.800000000000000000e+01 5.000000000000000000e+00
1.470000000000000000e+02 3.600000000000000000e+01 5.000000000000000000e+00
1.470000000000000000e+02 4.200000000000000000e+01 5.000000000000000000e+00
1.470000000000000000e+02 5.200000000000000000e+01 5.000000000000000000e+00
1.470000000000000000e+02 2.000000000000000000e+01 5.000000000000000000e+00
1.480000000000000000e+02 4.000000000000000000e+01 5.000000000000000000e+00
1.480000000000000000e+02 4.700000000000000000e+01 5.000000000000000000e+00
1.500000000000000000e+02 5.300000000000000000e+01 5.000000000000000000e+00
1.510000000000000000e+02 3.200000000000000000e+01 5.000000000000000000e+00
1.530000000000000000e+02 5.100000000000000000e+01 5.000000000000000000e+00
1.530000000000000000e+02 2.400000000000000000e+01 5.000000000000000000e+00
1.540000000000000000e+02 4.500000000000000000e+01 5.000000000000000000e+00
1.550000000000000000e+02 3.500000000000000000e+01 5.000000000000000000e+00
1.720000000000000000e+02 2.530000000000000000e+02 1.000000000000000000e+00
1.730000000000000000e+02 2.300000000000000000e+02 1.000000000000000000e+00
1.760000000000000000e+02 2.450000000000000000e+02 1.000000000000000000e+00
1.760000000000000000e+02 2.680000000000000000e+02 1.000000000000000000e+00
1.790000000000000000e+02 2.390000000000000000e+02 1.000000000000000000e+00
1.790000000000000000e+02 2.240000000000000000e+02 1.000000000000000000e+00
1.790000000000000000e+02 2.150000000000000000e+02 1.000000000000000000e+00
1.810000000000000000e+02 2.340000000000000000e+02 1.000000000000000000e+00
1.820000000000000000e+02 2.620000000000000000e+02 1.000000000000000000e+00
1.820000000000000000e+02 2.640000000000000000e+02 1.000000000000000000e+00
1.820000000000000000e+02 2.330000000000000000e+02 1.000000000000000000e+00
1.830000000000000000e+02 2.450000000000000000e+02 1.000000000000000000e+00
1.830000000000000000e+02 2.730000000000000000e+02 1.000000000000000000e+00
1.830000000000000000e+02 2.350000000000000000e+02 1.000000000000000000e+00
1.840000000000000000e+02 2.640000000000000000e+02 1.000000000000000000e+00
1.840000000000000000e+02 2.090000000000000000e+02 1.000000000000000000e+00
1.840000000000000000e+02 2.550000000000000000e+02 1.000000000000000000e+00
1.850000000000000000e+02 2.210000000000000000e+02 1.000000000000000000e+00
1.850000000000000000e+02 2.530000000000000000e+02 1.000000000000000000e+00
1.860000000000000000e+02 2.120000000000000000e+02 1.000000000000000000e+00
1.860000000000000000e+02 2.330000000000000000e+02 1.000000000000000000e+00
1.870000000000000000e+02 2.650000000000000000e+02 1.000000000000000000e+00
1.870000000000000000e+02 2.270000000000000000e+02 1.000000000000000000e+00
1.870000000000000000e+02 2.380000000000000000e+02 1.000000000000000000e+00
1.870000000000000000e+02 2.250000000000000000e+02 1.000000000000000000e+00
1.880000000000000000e+02 2.550000000000000000e+02 1.000000000000000000e+00
1.880000000000000000e+02 2.480000000000000000e+02 1.000000000000000000e+00
1.880000000000000000e+02 2.330000000000000000e+02 1.000000000000000000e+00
1.880000000000000000e+02 2.460000000000000000e+02 1.000000000000000000e+00
1.880000000000000000e+02 2.250000000000000000e+02 1.000000000000000000e+00
1.890000000000000000e+02 2.200000000000000000e+02 1.000000000000000000e+00
1.890000000000000000e+02 2.630000000000000000e+02 1.000000000000000000e+00
1.890000000000000000e+02 2.290000000000000000e+02 1.000000000000000000e+00
1.890000000000000000e+02 2.180000000000000000e+02 1.000000000000000000e+00
1.890000000000000000e+02 2.260000000000000000e+02 1.000000000000000000e+00
1.900000000000000000e+02 2.140000000000000000e+02 1.000000000000000000e+00
1.900000000000000000e+02 2.570000000000000000e+02 1.000000000000000000e+00
1.900000000000000000e+02 2.680000000000000000e+02 1.000000000000000000e+00
1.910000000000000000e+02 2.640000000000000000e+02 1.000000000000000000e+00
1.910000000000000000e+02 2.200000000000000000e+02 1.000000000000000000e+00
1.920000000000000000e+02 2.370000000000000000e+02 1.000000000000000000e+00
1.920000000000000000e+02 2.550000000000000000e+02 1.000000000000000000e+00
1.920000000000000000e+02 2.160000000000000000e+02 1.000000000000000000e+00
1.930000000000000000e+02 2.190000000000000000e+02 1.000000000000000000e+00
1.930000000000000000e+02 2.130000000000000000e+02 1.000000000000000000e+00
1.930000000000000000e+02 2.330000000000000000e+02 1.000000000000000000e+00
1.940000000000000000e+02 2.480000000000000000e+02 1.000000000000000000e+00
1.940000000000000000e+02 2.740000000000000000e+02 1.000000000000000000e+00
1.940000000000000000e+02 2.710000000000000000e+02 1.000000000000000000e+00
1.950000000000000000e+02 2.290000000000000000e+02 1.000000000000000000e+00
1.950000000000000000e+02 2.300000000000000000e+02 1.000000000000000000e+00
1.950000000000000000e+02 2.490000000000000000e+02 1.000000000000000000e+00
1.950000000000000000e+02 2.590000000000000000e+02 1.000000000000000000e+00
1.950000000000000000e+02 2.470000000000000000e+02 1.000000000000000000e+00
1.950000000000000000e+02 2.230000000000000000e+02 1.000000000000000000e+00
1.960000000000000000e+02 2.320000000000000000e+02 1.000000000000000000e+00
1.960000000000000000e+02 2.470000000000000000e+02 1.000000000000000000e+00
1.970000000000000000e+02 2.210000000000000000e+02 1.000000000000000000e+00
1.970000000000000000e+02 2.430000000000000000e+02 1.000000000000000000e+00
1.970000000000000000e+02 2.400000000000000000e+02 1.000000000000000000e+00
1.970000000000000000e+02 2.540000000000000000e+02 1.000000000000000000e+00
1.970000000000000000e+02 2.680000000000000000e+02 1.000000000000000000e+00
1.990000000000000000e+02 2.230000000000000000e+02 1.000000000000000000e+00
1.990000000000000000e+02 2.430000000000000000e+02 1.000000000000000000e+00
1.990000000000000000e+02 2.360000000000000000e+02 1.000000000000000000e+00
1.990000000000000000e+02 2.030000000000000000e+02 1.000000000000000000e+00
1.990000000000000000e+02 2.710000000000000000e+02 1.000000000000000000e+00
1.990000000000000000e+02 2.200000000000000000e+02 1.000000000000000000e+00
1.990000000000000000e+02 2.570000000000000000e+02 1.000000000000000000e+00
2.000000000000000000e+02 2.280000000000000000e+02 1.000000000000000000e+00
2.000000000000000000e+02 2.610000000000000000e+02 1.000000000000000000e+00
2.000000000000000000e+02 2.750000000000000000e+02 1.000000000000000000e+00
2.000000000000000000e+02 2.190000000000000000e+02 1.000000000000000000e+00
2.000000000000000000e+02 2.080000000000000000e+02 1.000000000000000000e+00
2.010000000000000000e+02 2.240000000000000000e+02 1.000000000000000000e+00
2.010000000000000000e+02 2.780000000000000000e+02 1.000000000000000000e+00
2.010000000000000000e+02 2.340000000000000000e+02 1.000000000000000000e+00
2.010000000000000000e+02 2.630000000000000000e+02 1.000000000000000000e+00
2.020000000000000000e+02 2.540000000000000000e+02 1.000000000000000000e+00
2.020000000000000000e+02 2.720000000000000000e+02 1.000000000000000000e+00
2.020000000000000000e+02 2.150000000000000000e+02 1.000000000000000000e+00
2.020000000000000000e+02 2.310000000000000000e+02 1.000000000000000000e+00
2.020000000000000000e+02 2.550000000000000000e+02 1.000000000000000000e+00
2.020000000000000000e+02 2.390000000000000000e+02 1.000000000000000000e+00
2.030000000000000000e+02 2.580000000000000000e+02 1.000000000000000000e+00
2.030000000000000000e+02 2.280000000000000000e+02 1.000000000000000000e+00
2.030000000000000000e+02 2.120000000000000000e+02 1.000000000000000000e+00
2.040000000000000000e+02 2.750000000000000000e+02 1.000000000000000000e+00
2.040000000000000000e+02 2.790000000000000000e+02 1.000000000000000000e+00
2.040000000000000000e+02 2.020000000000000000e+02 1.000000000000000000e+00
2.040000000000000000e+02 2.570000000000000000e+02 1.000000000000000000e+00
2.040000000000000000e+02 2.470000000000000000e+02 1.000000000000000000e+00
2.050000000000000000e+02 2.380000000000000000e+02 1.000000000000000000e+00
2.050000000000000000e+02 2.080000000000000000e+02 1.000000000000000000e+00
2.050000000000000000e+02 2.220000000000000000e+02 1.000000000000000000e+00
2.050000000000000000e+02 2.750000000000000000e+02 1.000000000000000000e+00
2.060000000000000000e+02 2.760000000000000000e+02 1.000000000000000000e+00
2.060000000000000000e+02 2.520000000000000000e+02 1.000000000000000000e+00
2.060000000000000000e+02 2.260000000000000000e+02 1.000000000000000000e+00
2.060000000000000000e+02 2.080000000000000000e+02 1.000000000000000000e+00
2.060000000000000000e+02 2.660000000000000000e+02 1.000000000000000000e+00
2.070000000000000000e+02 2.730000000000000000e+02 1.000000000000000000e+00
2.070000000000000000e+02 2.280000000000000000e+02 1.000000000000000000e+00
2.070000000000000000e+02 2.330000000000000000e+02 1.000000000000000000e+00
2.070000000000000000e+02 2.430000000000000000e+02 1.000000000000000000e+00
2.070000000000000000e+02 2.340000000000000000e+02 1.000000000000000000e+00
2.070000000000000000e+02 2.320000000000000000e+02 1.000000000000000000e+00
2.070000000000000000e+02 2.290000000000000000e+02 1.000000000000000000e+00
2.080000000000000000e+02 2.220000000000000000e+02 1.000000000000000000e+00
2.080000000000000000e+02 2.590000000000000000e+02 1.000000000000000000e+00
2.080000000000000000e+02 2.650000000000000000e+02 1.000000000000000000e+00
2.080000000000000000e+02 2.520000000000000000e+02 1.000000000000000000e+00
2.090000000000000000e+02 2.450000000000000000e+02 1.000000000000000000e+00
2.090000000000000000e+02 2.260000000000000000e+02 1.000000000000000000e+00
2.100000000000000000e+02 2.200000000000000000e+02 1.000000000000000000e+00
2.100000000000000000e+02 2.510000000000000000e+02 1.000000000000000000e+00
2.100000000000000000e+02 2.790000000000000000e+02 1.000000000000000000e+00
2.100000000000000000e+02 2.760000000000000000e+02 1.000000000000000000e+00
2.110000000000000000e+02 2.500000000000000000e+02 1.000000000000000000e+00
2.110000000000000000e+02 2.550000000000000000e+02 1.000000000000000000e+00
2.110000000000000000e+02 2.220000000000000000e+02 1.000000000000000000e+00
2.110000000000000000e+02 2.030000000000000000e+02 1.000000000000000000e+00
2.110000000000000000e+02 2.450000000000000000e+02 1.000000000000000000e+00
2.120000000000000000e+02 2.170000000000000000e+02 1.000000000000000000e+00
2.120000000000000000e+02 2.090000000000000000e+02 1.000000000000000000e+00
2.120000000000000000e+02 2.590000000000000000e+02 1.000000000000000000e+00
2.130000000000000000e+02 2.420000000000000000e+02 1.000000000000000000e+00
2.130000000000000000e+02 2.700000000000000000e+02 1.000000000000000000e+00
2.130000000000000000e+02 2.100000000000000000e+02 1.000000000000000000e+00
2.130000000000000000e+02 2.640000000000000000e+02 1.000000000000000000e+00
2.140000000000000000e+02 2.220000000000000000e+02 1.000000000000000000e+00
2.140000000000000000e+02 2.320000000000000000e+02 1.000000000000000000e+00
2.140000000000000000e+02 2.360000000000000000e+02 1.000000000000000000e+00
2.140000000000000000e+02 2.170000000000000000e+02 1.000000000000000000e+00
2.150000000000000000e+02 2.530000000000000000e+02 1.000000000000000000e+00
2.150000000000000000e+02 2.350000000000000000e+02 1.000000000000000000e+00
2.150000000000000000e+02 2.260000000000000000e+02 1.000000000000000000e+00
2.150000000000000000e+02 2.600000000000000000e+02 1.000000000000000000e+00
2.160000000000000000e+02 2.120000000000000000e+02 1.000000000000000000e+00
2.160000000000000000e+02 2.320000000000000000e+02 1.000000000000000000e+00
2.160000000000000000e+02 2.140000000000000000e+02 1.000000000000000000e+00
2.160000000000000000e+02 2.460000000000000000e+02 1.000000000000000000e+00
2.160000000000000000e+02 2.390000000000000000e+02 1.000000000000000000e+00
2.160000000000000000e+02 2.160000000000000000e+02 1.000000000000000000e+00
2.160000000000000000e+02 2.410000000000000000e+02 1.000000000000000000e+00
2.180000000000000000e+02 2.440000000000000000e+02 1.000000000000000000e+00
2.180000000000000000e+02 2.450000000000000000e+02 1.000000000000000000e+00
2.180000000000000000e+02 2.240000000000000000e+02 1.000000000000000000e+00
2.180000000000000000e+02 2.180000000000000000e+02 1.000000000000000000e+00
2.180000000000000000e+02 2.350000000000000000e+02 1.000000000000000000e+00
2.180000000000000000e+02 2.130000000000000000e+02 1.000000000000000000e+00
2.190000000000000000e+02 2.050000000000000000e+02 1.000000000000000000e+00
2.190000000000000000e+02 2.480000000000000000e+02 1.000000000000000000e+00
2.190000000000000000e+02 2.220000000000000000e+02 1.000000000000000000e+00
2.190000000000000000e+02 2.440000000000000000e+02 1.000000000000000000e+00
2.200000000000000000e+02 2.580000000000000000e+02 1.000000000000000000e+00
2.200000000000000000e+02 2.020000000000000000e+02 1.000000000000000000e+00
2.200000000000000000e+02 2.240000000000000000e+02 1.000000000000000000e+00
2.200000000000000000e+02 2.690000000000000000e+02 1.000000000000000000e+00
2.210000000000000000e+02 2.040000000000000000e+02 1.000000000000000000e+00
2.210000000000000000e+02 2.550000000000000000e+02 1.000000000000000000e+00
2.210000000000000000e+02 2.610000000000000000e+02 1.000000000000000000e+00
2.220000000000000000e+02 2.490000000000000000e+02 1.000000000000000000e+00
2.230000000000000000e+02 2.560000000000000000e+02 1.000000000000000000e+00
2.230000000000000000e+02 2.130000000000000000e+02 1.000000000000000000e+00
2.230000000000000000e+02 2.350000000000000000e+02 1.000000000000000000e+00
2.230000000000000000e+02 2.270000000000000000e+02 1.000000000000000000e+00
2.230000000000000000e+02 2.290000000000000000e+02 1.000000000000000000e+00
2.240000000000000000e+02 2.640000000000000000e+02 1.000000000000000000e+00
2.240000000000000000e+02 2.410000000000000000e+02 1.000000000000000000e+00
2.240000000000000000e+02 2.250000000000000000e+02 1.000000000000000000e+00
2.240000000000000000e+02 2.680000000000000000e+02 1.000000000000000000e+00
2.250000000000000000e+02 2.390000000000000000e+02 1.000000000000000000e+00
2.250000000000000000e+02 2.550000000000000000e+02 1.000000000000000000e+00
2.250000000000000000e+02 2.670000000000000000e+02 1.000000000000000000e+00
2.250000000000000000e+02 2.440000000000000000e+02 1.000000000000000000e+00
2.250000000000000000e+02 2.520000000000000000e+02 1.000000000000000000e+00
2.250000000000000000e+02 2.350000000000000000e+02 1.000000000000000000e+00
2.260000000000000000e+02 2.130000000000000000e+02 1.000000000000000000e+00
2.260000000000000000e+02 2.180000000000000000e+02 1.000000000000000000e+00
2.270000000000000000e+02 2.450000000000000000e+02 1.000000000000000000e+00
2.270000000000000000e+02 2.210000000000000000e+02 1.000000000000000000e+00
2.270000000000000000e+02 2.200000000000000000e+02 1.000000000000000000e+00
2.280000000000000000e+02 2.360000000000000000e+02 1.000000000000000000e+00
2.280000000000000000e+02 2.140000000000000000e+02 1.000000000000000000e+00
2.280000000000000000e+02 2.500000000000000000e+02 1.000000000000000000e+00
2.280000000000000000e+02 2.120000000000000000e+02 1.000000000000000000e+00
2.290000000000000000e+02 2.340000000000000000e+02 1.000000000000000000e+00
2.290000000000000000e+02 2.570000000000000000e+02 1.000000000000000000e+00
2.290000000000000000e+02 2.480000000000000000e+02 1.000000000000000000e+00
2.290000000000000000e+02 2.300000000000000000e+02 1.000000000000000000e+00
2.290000000000000000e+02 2.170000000000000000e+02 1.000000000000000000e+00
2.300000000000000000e+02 2.120000000000000000e+02 1.000000000000000000e+00
2.300000000000000000e+02 2.190000000000000000e+02 1.000000000000000000e+00
2.310000000000000000e+02 2.580000000000000000e+02 1.000000000000000000e+00
2.310000000000000000e+02 2.320000000000000000e+02 1.000000000000000000e+00
2.320000000000000000e+02 2.330000000000000000e+02 1.000000000000000000e+00
2.330000000000000000e+02 2.440000000000000000e+02 1.000000000000000000e+00
2.330000000000000000e+02 2.130000000000000000e+02 1.000000000000000000e+00
2.330000000000000000e+02 2.660000000000000000e+02 1.000000000000000000e+00
2.340000000000000000e+02 2.160000000000000000e+02 1.000000000000000000e+00
2.340000000000000000e+02 2.060000000000000000e+02 1.000000000000000000e+00
2.350000000000000000e+02 2.110000000000000000e+02 1.000000000000000000e+00
2.350000000000000000e+02 2.560000000000000000e+02 1.000000000000000000e+00
2.350000000000000000e+02 2.370000000000000000e+02 1.000000000000000000e+00
2.360000000000000000e+02 2.230000000000000000e+02 1.000000000000000000e+00
2.360000000000000000e+02 2.110000000000000000e+02 1.000000000000000000e+00
2.360000000000000000e+02 2.210000000000000000e+02 1.000000000000000000e+00
2.360000000000000000e+02 2.270000000000000000e+02 1.000000000000000000e+00
2.370000000000000000e+02 2.220000000000000000e+02 1.000000000000000000e+00
2.370000000000000000e+02 2.170000000000000000e+02 1.000000000000000000e+00
2.370000000000000000e+02 2.180000000000000000e+02 1.000000000000000000e+00
2.370000000000000000e+02 2.360000000000000000e+02 1.000000000000000000e+00
2.390000000000000000e+02 2.030000000000000000e+02 1.000000000000000000e+00
2.390000000000000000e+02 2.380000000000000000e+02 1.000000000000000000e+00
2.410000000000000000e+02 2.320000000000000000e+02 1.000000000000000000e+00
2.430000000000000000e+02 2.010000000000000000e+02 1.000000000000000000e+00
2.460000000000000000e+02 2.570000000000000000e+02 2.000000000000000000e+00
2.490000000000000000e+02 2.720000000000000000e+02 2.000000000000000000e+00
2.520000000000000000e+02 2.520000000000000000e+02 2.000000000000000000e+00
2.530000000000000000e+02 2.510000000000000000e+02 2.000000000000000000e+00
2.530000000000000000e+02 2.500000000000000000e+02 2.000000000000000000e+00
2.540000000000000000e+02 2.680000000000000000e+02 2.000000000000000000e+00
2.540000000000000000e+02 2.350000000000000000e+02 2.000000000000000000e+00
2.560000000000000000e+02 2.360000000000000000e+02 2.000000000000000000e+00
2.580000000000000000e+02 2.470000000000000000e+02 2.000000000000000000e+00
2.590000000000000000e+02 2.550000000000000000e+02 2.000000000000000000e+00
2.600000000000000000e+02 2.690000000000000000e+02 2.000000000000000000e+00
2.600000000000000000e+02 2.800000000000000000e+02 2.000000000000000000e+00
2.600000000000000000e+02 2.700000000000000000e+02 2.000000000000000000e+00
2.600000000000000000e+02 2.660000000000000000e+02 2.000000000000000000e+00
2.610000000000000000e+02 2.520000000000000000e+02 2.000000000000000000e+00
2.610000000000000000e+02 2.600000000000000000e+02 2.000000000000000000e+00
2.610000000000000000e+02 2.400000000000000000e+02 2.000000000000000000e+00
2.610000000000000000e+02 2.620000000000000000e+02 2.000000000000000000e+00
2.630000000000000000e+02 2.420000000000000000e+02 2.000000000000000000e+00
2.630000000000000000e+02 2.660000000000000000e+02 2.000000000000000000e+00
2.640000000000000000e+02 2.450000000000000000e+02 2.000000000000000000e+00
2.640000000000000000e+02 2.820000000000000000e+02 2.000000000000000000e+00
2.640000000000000000e+02 2.670000000000000000e+02 2.000000000000000000e+00
2.640000000000000000e+02 2.970000000000000000e+02 2.000000000000000000e+00
2.640000000000000000e+02 2.330000000000000000e+02 2.000000000000000000e+00
2.650000000000000000e+02 2.570000000000000000e+02 2.000000000000000000e+00
2.650000000000000000e+02 2.600000000000000000e+02 2.000000000000000000e+00
2.650000000000000000e+02 2.540000000000000000e+02 2.000000000000000000e+00
2.660000000000000000e+02 2.810000000000000000e+02 2.000000000000000000e+00
2.660000000000000000e+02 2.900000000000000000e+02 2.000000000000000000e+00
2.660000000000000000e+02 2.570000000000000000e+02 2.000000000000000000e+00
2.670000000000000000e+02 2.930000000000000000e+02 2.000000000000000000e+00
2.670000000000000000e+02 2.920000000000000000e+02 2.000000000000000000e+00
2.670000000000000000e+02 2.790000000000000000e+02 2.000000000000000000e+00
2.670000000000000000e+02 2.570000000000000000e+02 2.000000000000000000e+00
2.670000000000000000e+02 2.350000000000000000e+02 2.000000000000000000e+00
2.670000000000000000e+02 2.430000000000000000e+02 2.000000000000000000e+00
2.680000000000000000e+02 2.320000000000000000e+02 2.000000000000000000e+00
2.680000000000000000e+02 2.580000000000000000e+02 2.000000000000000000e+00
2.680000000000000000e+02 2.520000000000000000e+02 2.000000000000000000e+00
2.680000000000000000e+02 2.400000000000000000e+02 2.000000000000000000e+00
2.690000000000000000e+02 2.830000000000000000e+02 2.000000000000000000e+00
2.690000000000000000e+02 2.520000000000000000e+02 2.000000000000000000e+00
2.690000000000000000e+02 2.280000000000000000e+02 2.000000000000000000e+00
2.690000000000000000e+02 2.660000000000000000e+02 2.000000000000000000e+00
2.690000000000000000e+02 2.910000000000000000e+02 2.000000000000000000e+00
2.690000000000000000e+02 2.500000000000000000e+02 2.000000000000000000e+00
2.710000000000000000e+02 2.710000000000000000e+02 2.000000000000000000e+00
2.710000000000000000e+02 2.850000000000000000e+02 2.000000000000000000e+00
2.720000000000000000e+02 2.860000000000000000e+02 2.000000000000000000e+00
2.720000000000000000e+02 2.590000000000000000e+02 2.000000000000000000e+00
2.720000000000000000e+02 2.630000000000000000e+02 2.000000000000000000e+00
2.720000000000000000e+02 2.200000000000000000e+02 2.000000000000000000e+00
2.720000000000000000e+02 2.750000000000000000e+02 2.000000000000000000e+00
2.720000000000000000e+02 2.890000000000000000e+02 2.000000000000000000e+00
2.720000000000000000e+02 2.550000000000000000e+02 2.000000000000000000e+00
2.730000000000000000e+02 2.530000000000000000e+02 2.000000000000000000e+00
2.730000000000000000e+02 2.440000000000000000e+02 2.000000000000000000e+00
2.730000000000000000e+02 2.410000000000000000e+02 2.000000000000000000e+00
2.730000000000000000e+02 2.390000000000000000e+02 2.000000000000000000e+00
2.740000000000000000e+02 2.900000000000000000e+02 2.000000000000000000e+00
2.740000000000000000e+02 2.780000000000000000e+02 2.000000000000000000e+00
2.750000000000000000e+02 2.300000000000000000e+02 2.000000000000000000e+00
2.750000000000000000e+02 2.440000000000000000e+02 2.000000000000000000e+00
2.750000000000000000e+02 2.660000000000000000e+02 2.000000000000000000e+00
2.750000000000000000e+02 2.890000000000000000e+02 2.000000000000000000e+00
2.760000000000000000e+02 2.440000000000000000e+02 2.000000000000000000e+00
2.760000000000000000e+02 2.800000000000000000e+02 2.000000000000000000e+00
2.760000000000000000e+02 2.880000000000000000e+02 2.000000000000000000e+00
2.760000000000000000e+02 2.300000000000000000e+02 2.000000000000000000e+00
2.760000000000000000e+02 2.480000000000000000e+02 2.000000000000000000e+00
2.770000000000000000e+02 2.800000000000000000e+02 2.000000000000000000e+00
2.770000000000000000e+02 2.710000000000000000e+02 2.000000000000000000e+00
2.770000000000000000e+02 2.280000000000000000e+02 2.000000000000000000e+00
2.770000000000000000e+02 2.300000000000000000e+02 2.000000000000000000e+00
2.770000000000000000e+02 2.600000000000000000e+02 2.000000000000000000e+00
2.770000000000000000e+02 2.390000000000000000e+02 2.000000000000000000e+00
2.770000000000000000e+02 2.660000000000000000e+02 2.000000000000000000e+00
2.770000000000000000e+02 2.640000000000000000e+02 2.000000000000000000e+00
2.770000000000000000e+02 2.630000000000000000e+02 2.000000000000000000e+00
2.770000000000000000e+02 2.810000000000000000e+02 2.000000000000000000e+00
2.780000000000000000e+02 2.340000000000000000e+02 2.000000000000000000e+00
2.780000000000000000e+02 2.510000000000000000e+02 2.000000000000000000e+00
2.790000000000000000e+02 2.330000000000000000e+02 2.000000000000000000e+00
2.790000000000000000e+02 2.390000000000000000e+02 2.000000000000000000e+00
2.790000000000000000e+02 2.760000000000000000e+02 2.000000000000000000e+00
2.790000000000000000e+02 2.540000000000000000e+02 2.000000000000000000e+00
2.790000000000000000e+02 2.660000000000000000e+02 2.000000000000000000e+00
2.790000000000000000e+02 2.470000000000000000e+02 2.000000000000000000e+00
2.800000000000000000e+02 2.380000000000000000e+02 2.000000000000000000e+00
2.800000000000000000e+02 2.710000000000000000e+02 2.000000000000000000e+00
2.800000000000000000e+02 2.730000000000000000e+02 2.000000000000000000e+00
2.800000000000000000e+02 2.700000000000000000e+02 2.000000000000000000e+00
2.810000000000000000e+02 2.550000000000000000e+02 2.000000000000000000e+00
2.810000000000000000e+02 2.280000000000000000e+02 2.000000000000000000e+00
2.810000000000000000e+02 2.700000000000000000e+02 2.000000000000000000e+00
2.810000000000000000e+02 2.420000000000000000e+02 2.000000000000000000e+00
2.810000000000000000e+02 2.470000000000000000e+02 2.000000000000000000e+00
2.810000000000000000e+02 2.410000000000000000e+02 2.000000000000000000e+00
2.810000000000000000e+02 2.610000000000000000e+02 2.000000000000000000e+00
2.810000000000000000e+02 2.630000000000000000e+02 2.000000000000000000e+00
2.820000000000000000e+02 2.280000000000000000e+02 2.000000000000000000e+00
2.820000000000000000e+02 2.550000000000000000e+02 2.000000000000000000e+00
2.820000000000000000e+02 2.290000000000000000e+02 2.000000000000000000e+00
2.820000000000000000e+02 2.740000000000000000e+02 2.000000000000000000e+00
2.820000000000000000e+02 2.480000000000000000e+02 2.000000000000000000e+00
2.820000000000000000e+02 2.220000000000000000e+02 2.000000000000000000e+00
2.820000000000000000e+02 2.600000000000000000e+02 2.000000000000000000e+00
2.830000000000000000e+02 2.320000000000000000e+02 2.000000000000000000e+00
2.830000000000000000e+02 2.670000000000000000e+02 2.000000000000000000e+00
2.830000000000000000e+02 2.560000000000000000e+02 2.000000000000000000e+00
2.830000000000000000e+02 2.180000000000000000e+02 2.000000000000000000e+00
2.830000000000000000e+02 2.640000000000000000e+02 2.000000000000000000e+00
2.840000000000000000e+02 2.270000000000000000e+02 2.000000000000000000e+00
2.840000000000000000e+02 2.580000000000000000e+02 2.000000000000000000e+00
2.840000000000000000e+02 2.570000000000000000e+02 2.000000000000000000e+00
2.840000000000000000e+02 2.210000000000000000e+02 2.000000000000000000e+00
2.850000000000000000e+02 2.560000000000000000e+02 2.000000000000000000e+00
2.850000000000000000e+02 2.760000000000000000e+02 2.000000000000000000e+00
2.850000000000000000e+02 2.610000000000000000e+02 2.000000000000000000e+00
2.850000000000000000e+02 2.400000000000000000e+02 2.000000000000000000e+00
2.850000000000000000e+02 2.830000000000000000e+02 2.000000000000000000e+00
2.870000000000000000e+02 2.530000000000000000e+02 2.000000000000000000e+00
2.870000000000000000e+02 2.720000000000000000e+02 2.000000000000000000e+00
2.870000000000000000e+02 2.270000000000000000e+02 2.000000000000000000e+00
2.870000000000000000e+02 2.330000000000000000e+02 2.000000000000000000e+00
2.870000000000000000e+02 2.540000000000000000e+02 2.000000000000000000e+00
2.870000000000000000e+02 2.840000000000000000e+02 2.000000000000000000e+00
2.880000000000000000e+02 2.810000000000000000e+02 2.000000000000000000e+00
2.880000000000000000e+02 2.330000000000000000e+02 2.000000000000000000e+00
2.880000000000000000e+02 2.410000000000000000e+02 2.000000000000000000e+00
2.880000000000000000e+02 2.270000000000000000e+02 2.000000000000000000e+00
2.880000000000000000e+02 2.760000000000000000e+02 2.000000000000000000e+00
2.880000000000000000e+02 2.800000000000000000e+02 2.000000000000000000e+00
2.880000000000000000e+02 2.520000000000000000e+02 2.000000000000000000e+00
2.890000000000000000e+02 2.250000000000000000e+02 2.000000000000000000e+00
2.890000000000000000e+02 2.340000000000000000e+02 2.000000000000000000e+00
2.890000000000000000e+02 2.510000000000000000e+02 2.000000000000000000e+00
2.890000000000000000e+02 2.290000000000000000e+02 2.000000000000000000e+00
2.890000000000000000e+02 2.820000000000000000e+02 2.000000000000000000e+00
2.890000000000000000e+02 2.370000000000000000e+02 2.000000000000000000e+00
2.900000000000000000e+02 2.720000000000000000e+02 2.000000000000000000e+00
2.900000000000000000e+02 2.340000000000000000e+02 2.000000000000000000e+00
2.900000000000000000e+02 2.250000000000000000e+02 2.000000000000000000e+00
2.900000000000000000e+02 2.420000000000000000e+02 2.000000000000000000e+00
2.900000000000000000e+02 2.320000000000000000e+02 2.000000000000000000e+00
2.900000000000000000e+02 2.110000000000000000e+02 2.000000000000000000e+00
2.900000000000000000e+02 2.260000000000000000e+02 2.000000000000000000e+00
2.910000000000000000e+02 2.210000000000000000e+02 2.000000000000000000e+00
2.910000000000000000e+02 2.510000000000000000e+02 2.000000000000000000e+00
2.910000000000000000e+02 2.550000000000000000e+02 2.000000000000000000e+00
2.910000000000000000e+02 2.450000000000000000e+02 2.000000000000000000e+00
2.920000000000000000e+02 2.250000000000000000e+02 2.000000000000000000e+00
2.920000000000000000e+02 2.690000000000000000e+02 2.000000000000000000e+00
2.920000000000000000e+02 2.830000000000000000e+02 2.000000000000000000e+00
2.920000000000000000e+02 2.590000000000000000e+02 2.000000000000000000e+00
2.920000000000000000e+02 2.390000000000000000e+02 2.000000000000000000e+00
2.930000000000000000e+02 9.600000000000000000e+01 4.000000000000000000e+00
2.930000000000000000e+02 2.740000000000000000e+02 2.000000000000000000e+00
2.930000000000000000e+02 2.660000000000000000e+02 2.000000000000000000e+00
2.930000000000000000e+02 2.220000000000000000e+02 2.000000000000000000e+00
2.930000000000000000e+02 2.190000000000000000e+02 2.000000000000000000e+00
2.940000000000000000e+02 2.610000000000000000e+02 2.000000000000000000e+00
2.940000000000000000e+02 2.430000000000000000e+02 2.000000000000000000e+00
2.950000000000000000e+02 2.660000000000000000e+02 2.000000000000000000e+00
2.950000000000000000e+02 2.400000000000000000e+02 2.000000000000000000e+00
2.950000000000000000e+02 9.200000000000000000e+01 4.000000000000000000e+00
2.950000000000000000e+02 2.420000000000000000e+02 2.000000000000000000e+00
2.950000000000000000e+02 2.750000000000000000e+02 2.000000000000000000e+00
2.950000000000000000e+02 2.380000000000000000e+02 2.000000000000000000e+00
2.950000000000000000e+02 2.240000000000000000e+02 2.000000000000000000e+00
2.960000000000000000e+02 2.790000000000000000e+02 2.000000000000000000e+00
2.960000000000000000e+02 2.590000000000000000e+02 2.000000000000000000e+00
2.960000000000000000e+02 2.170000000000000000e+02 2.000000000000000000e+00
2.970000000000000000e+02 2.650000000000000000e+02 2.000000000000000000e+00
2.970000000000000000e+02 2.330000000000000000e+02 2.000000000000000000e+00
2.970000000000000000e+02 7.200000000000000000e+01 4.000000000000000000e+00
2.970000000000000000e+02 5.900000000000000000e+01 4.000000000000000000e+00
2.980000000000000000e+02 2.420000000000000000e+02 2.000000000000000000e+00
2.980000000000000000e+02 2.250000000000000000e+02 2.000000000000000000e+00
2.980000000000000000e+02 8.700000000000000000e+01 4.000000000000000000e+00
2.980000000000000000e+02 2.290000000000000000e+02 2.000000000000000000e+00
2.980000000000000000e+02 2.520000000000000000e+02 2.000000000000000000e+00
2.980000000000000000e+02 2.660000000000000000e+02 2.000000000000000000e+00
2.980000000000000000e+02 2.400000000000000000e+02 2.000000000000000000e+00
2.980000000000000000e+02 2.350000000000000000e+02 2.000000000000000000e+00
2.990000000000000000e+02 2.480000000000000000e+02 2.000000000000000000e+00
3.000000000000000000e+02 1.050000000000000000e+02 4.000000000000000000e+00
3.000000000000000000e+02 2.490000000000000000e+02 2.000000000000000000e+00
3.000000000000000000e+02 9.600000000000000000e+01 4.000000000000000000e+00
3.000000000000000000e+02 2.340000000000000000e+02 2.000000000000000000e+00
3.000000000000000000e+02 2.330000000000000000e+02 2.000000000000000000e+00
3.000000000000000000e+02 2.620000000000000000e+02 2.000000000000000000e+00
3.000000000000000000e+02 2.540000000000000000e+02 2.000000000000000000e+00
3.000000000000000000e+02 2.370000000000000000e+02 2.000000000000000000e+00
3.000000000000000000e+02 2.530000000000000000e+02 2.000000000000000000e+00
3.000000000000000000e+02 9.900000000000000000e+01 4.000000000000000000e+00
3.000000000000000000e+02 8.600000000000000000e+01 4.000000000000000000e+00
3.010000000000000000e+02 2.630000000000000000e+02 2.000000000000000000e+00
3.010000000000000000e+02 2.360000000000000000e+02 2.000000000000000000e+00
3.010000000000000000e+02 8.800000000000000000e+01 4.000000000000000000e+00
3.010000000000000000e+02 2.580000000000000000e+02 2.000000000000000000e+00
3.010000000000000000e+02 2.560000000000000000e+02 2.000000000000000000e+00
3.010000000000000000e+02 7.100000000000000000e+01 4.000000000000000000e+00
3.010000000000000000e+02 9.300000000000000000e+01 4.000000000000000000e+00
3.020000000000000000e+02 2.660000000000000000e+02 2.000000000000000000e+00
3.020000000000000000e+02 2.140000000000000000e+02 2.000000000000000000e+00
3.020000000000000000e+02 9.700000000000000000e+01 4.000000000000000000e+00
3.020000000000000000e+02 2.460000000000000000e+02 2.000000000000000000e+00
3.020000000000000000e+02 2.690000000000000000e+02 2.000000000000000000e+00
3.030000000000000000e+02 2.480000000000000000e+02 2.000000000000000000e+00
3.030000000000000000e+02 2.300000000000000000e+02 2.000000000000000000e+00
3.030000000000000000e+02 1.060000000000000000e+02 4.000000000000000000e+00
3.030000000000000000e+02 2.410000000000000000e+02 2.000000000000000000e+00
3.030000000000000000e+02 2.320000000000000000e+02 2.000000000000000000e+00
3.040000000000000000e+02 2.250000000000000000e+02 2.000000000000000000e+00
3.040000000000000000e+02 7.800000000000000000e+01 4.000000000000000000e+00
3.040000000000000000e+02 2.300000000000000000e+02 2.000000000000000000e+00
3.040000000000000000e+02 2.460000000000000000e+02 2.000000000000000000e+00
3.040000000000000000e+02 2.630000000000000000e+02 2.000000000000000000e+00
3.050000000000000000e+02 2.370000000000000000e+02 2.000000000000000000e+00
3.050000000000000000e+02 8.200000000000000000e+01 4.000000000000000000e+00
3.050000000000000000e+02 6.400000000000000000e+01 4.000000000000000000e+00
3.050000000000000000e+02 2.750000000000000000e+02 2.000000000000000000e+00
3.050000000000000000e+02 2.350000000000000000e+02 2.000000000000000000e+00
3.050000000000000000e+02 2.570000000000000000e+02 2.000000000000000000e+00
3.050000000000000000e+02 2.220000000000000000e+02 2.000000000000000000e+00
3.050000000000000000e+02 2.520000000000000000e+02 2.000000000000000000e+00
3.060000000000000000e+02 8.600000000000000000e+01 4.000000000000000000e+00
3.060000000000000000e+02 2.560000000000000000e+02 2.000000000000000000e+00
3.060000000000000000e+02 1.200000000000000000e+02 4.000000000000000000e+00
3.060000000000000000e+02 8.100000000000000000e+01 4.000000000000000000e+00
3.060000000000000000e+02 2.650000000000000000e+02 2.000000000000000000e+00
3.060000000000000000e+02 2.260000000000000000e+02 2.000000000000000000e+00
3.070000000000000000e+02 2.650000000000000000e+02 2.000000000000000000e+00
3.070000000000000000e+02 1.090000000000000000e+02 4.000000000000000000e+00
3.070000000000000000e+02 2.460000000000000000e+02 2.000000000000000000e+00
3.070000000000000000e+02 2.610000000000000000e+02 2.000000000000000000e+00
3.070000000000000000e+02 8.400000000000000000e+01 4.000000000000000000e+00
3.070000000000000000e+02 1.140000000000000000e+02 4.000000000000000000e+00
3.080000000000000000e+02 2.430000000000000000e+02 2.000000000000000000e+00
3.080000000000000000e+02 2.570000000000000000e+02 2.000000000000000000e+00
3.080000000000000000e+02 2.540000000000000000e+02 2.000000000000000000e+00
3.090000000000000000e+02 8.600000000000000000e+01 4.000000000000000000e+00
3.090000000000000000e+02 1.070000000000000000e+02 4.000000000000000000e+00
3.090000000000000000e+02 2.320000000000000000e+02 2.000000000000000000e+00
3.090000000000000000e+02 8.700000000000000000e+01 4.000000000000000000e+00
3.090000000000000000e+02 6.400000000000000000e+01 4.000000000000000000e+00
3.100000000000000000e+02 9.300000000000000000e+01 4.000000000000000000e+00
3.100000000000000000e+02 2.690000000000000000e+02 2.000000000000000000e+00
3.100000000000000000e+02 2.360000000000000000e+02 2.000000000000000000e+00
3.100000000000000000e+02 1.160000000000000000e+02 4.000000000000000000e+00
3.110000000000000000e+02 1.080000000000000000e+02 4.000000000000000000e+00
3.110000000000000000e+02 6.600000000000000000e+01 4.000000000000000000e+00
3.110000000000000000e+02 9.700000000000000000e+01 4.000000000000000000e+00
3.110000000000000000e+02 2.430000000000000000e+02 2.000000000000000000e+00
3.110000000000000000e+02 7.300000000000000000e+01 4.000000000000000000e+00
3.120000000000000000e+02 2.420000000000000000e+02 2.000000000000000000e+00
3.120000000000000000e+02 2.550000000000000000e+02 2.000000000000000000e+00
3.120000000000000000e+02 8.400000000000000000e+01 4.000000000000000000e+00
3.120000000000000000e+02 6.200000000000000000e+01 4.000000000000000000e+00
3.120000000000000000e+02 7.100000000000000000e+01 4.000000000000000000e+00
3.130000000000000000e+02 2.510000000000000000e+02 2.000000000000000000e+00
3.130000000000000000e+02 1.110000000000000000e+02 4.000000000000000000e+00
3.140000000000000000e+02 2.170000000000000000e+02 2.000000000000000000e+00
3.140000000000000000e+02 5.600000000000000000e+01 4.000000000000000000e+00
3.140000000000000000e+02 9.000000000000000000e+01 4.000000000000000000e+00
3.140000000000000000e+02 7.200000000000000000e+01 4.000000000000000000e+00
3.150000000000000000e+02 7.200000000000000000e+01 4.000000000000000000e+00
3.150000000000000000e+02 1.220000000000000000e+02 4.000000000000000000e+00
3.150000000000000000e+02 2.470000000000000000e+02 2.000000000000000000e+00
3.150000000000000000e+02 7.900000000000000000e+01 4.000000000000000000e+00
3.150000000000000000e+02 2.530000000000000000e+02 2.000000000000000000e+00
3.160000000000000000e+02 6.400000000000000000e+01 4.000000000000000000e+00
3.160000000000000000e+02 9.100000000000000000e+01 4.000000000000000000e+00
3.160000000000000000e+02 7.100000000000000000e+01 4.000000000000000000e+00
3.160000000000000000e+02 2.410000000000000000e+02 2.000000000000000000e+00
3.160000000000000000e+02 8.300000000000000000e+01 4.000000000000000000e+00
3.160000000000000000e+02 7.800000000000000000e+01 4.000000000000000000e+00
3.160000000000000000e+02 5.500000000000000000e+01 4.000000000000000000e+00
3.170000000000000000e+02 2.250000000000000000e+02 2.000000000000000000e+00
3.170000000000000000e+02 5.800000000000000000e+01 4.000000000000000000e+00
3.170000000000000000e+02 9.600000000000000000e+01 4.000000000000000000e+00
3.170000000000000000e+02 7.300000000000000000e+01 4.000000000000000000e+00
3.170000000000000000e+02 2.290000000000000000e+02 2.000000000000000000e+00
3.170000000000000000e+02 2.430000000000000000e+02 2.000000000000000000e+00
3.180000000000000000e+02 6.200000000000000000e+01 4.000000000000000000e+00
3.180000000000000000e+02 7.100000000000000000e+01 4.000000000000000000e+00
3.180000000000000000e+02 5.700000000000000000e+01 4.000000000000000000e+00
3.190000000000000000e+02 8.600000000000000000e+01 4.000000000000000000e+00
3.190000000000000000e+02 6.500000000000000000e+01 4.000000000000000000e+00
3.190000000000000000e+02 2.280000000000000000e+02 2.000000000000000000e+00
3.190000000000000000e+02 2.390000000000000000e+02 2.000000000000000000e+00
3.190000000000000000e+02 2.610000000000000000e+02 2.000000000000000000e+00
3.190000000000000000e+02 7.900000000000000000e+01 4.000000000000000000e+00
3.190000000000000000e+02 5.800000000000000000e+01 4.000000000000000000e+00
3.200000000000000000e+02 6.600000000000000000e+01 4.000000000000000000e+00
3.200000000000000000e+02 1.130000000000000000e+02 4.000000000000000000e+00
3.200000000000000000e+02 5.100000000000000000e+01 4.000000000000000000e+00
3.200000000000000000e+02 8.900000000000000000e+01 4.000000000000000000e+00
3.200000000000000000e+02 9.000000000000000000e+01 4.000000000000000000e+00
3.210000000000000000e+02 2.440000000000000000e+02 2.000000000000000000e+00
3.210000000000000000e+02 7.700000000000000000e+01 4.000000000000000000e+00
3.210000000000000000e+02 6.900000000000000000e+01 4.000000000000000000e+00
3.210000000000000000e+02 6.800000000000000000e+01 4.000000000000000000e+00
3.210000000000000000e+02 1.040000000000000000e+02 4.000000000000000000e+00
3.220000000000000000e+02 8.200000000000000000e+01 4.000000000000000000e+00
3.220000000000000000e+02 7.600000000000000000e+01 4.000000000000000000e+00
3.220000000000000000e+02 7.200000000000000000e+01 4.000000000000000000e+00
3.220000000000000000e+02 2.350000000000000000e+02 2.000000000000000000e+00
3.220000000000000000e+02 5.300000000000000000e+01 4.000000000000000000e+00
3.230000000000000000e+02 6.100000000000000000e+01 4.000000000000000000e+00
3.230000000000000000e+02 7.100000000000000000e+01 4.000000000000000000e+00
3.230000000000000000e+02 6.300000000000000000e+01 4.000000000000000000e+00
3.230000000000000000e+02 8.900000000000000000e+01 4.000000000000000000e+00
3.230000000000000000e+02 9.100000000000000000e+01 4.000000000000000000e+00
3.230000000000000000e+02 9.400000000000000000e+01 4.000000000000000000e+00
3.240000000000000000e+02 6.400000000000000000e+01 4.000000000000000000e+00
3.240000000000000000e+02 5.400000000000000000e+01 4.000000000000000000e+00
3.240000000000000000e+02 8.700000000000000000e+01 4.000000000000000000e+00
3.250000000000000000e+02 9.200000000000000000e+01 4.000000000000000000e+00
3.250000000000000000e+02 1.190000000000000000e+02 4.000000000000000000e+00
3.250000000000000000e+02 1.090000000000000000e+02 4.000000000000000000e+00
3.260000000000000000e+02 7.500000000000000000e+01 4.000000000000000000e+00
3.260000000000000000e+02 7.100000000000000000e+01 4.000000000000000000e+00
3.260000000000000000e+02 7.600000000000000000e+01 4.000000000000000000e+00
3.260000000000000000e+02 6.000000000000000000e+01 4.000000000000000000e+00
3.260000000000000000e+02 9.700000000000000000e+01 4.000000000000000000e+00
3.270000000000000000e+02 9.700000000000000000e+01 4.000000000000000000e+00
3.270000000000000000e+02 5.100000000000000000e+01 4.000000000000000000e+00
3.270000000000000000e+02 5.400000000000000000e+01 4.000000000000000000e+00
3.270000000000000000e+02 1.080000000000000000e+02 4.000000000000000000e+00
3.270000000000000000e+02 7.100000000000000000e+01 4.000000000000000000e+00
3.280000000000000000e+02 5.400000000000000000e+01 4.000000000000000000e+00
3.280000000000000000e+02 7.600000000000000000e+01 4.000000000000000000e+00
3.280000000000000000e+02 8.000000000000000000e+01 4.000000000000000000e+00
3.280000000000000000e+02 4.900000000000000000e+01 4.000000000000000000e+00
3.290000000000000000e+02 8.200000000000000000e+01 4.000000000000000000e+00
3.300000000000000000e+02 9.800000000000000000e+01 4.000000000000000000e+00
3.300000000000000000e+02 4.300000000000000000e+01 4.000000000000000000e+00
3.300000000000000000e+02 1.200000000000000000e+02 4.000000000000000000e+00
3.300000000000000000e+02 5.700000000000000000e+01 4.000000000000000000e+00
3.310000000000000000e+02 5.500000000000000000e+01 4.000000000000000000e+00
3.310000000000000000e+02 9.700000000000000000e+01 4.000000000000000000e+00
3.310000000000000000e+02 7.400000000000000000e+01 4.000000000000000000e+00
3.320000000000000000e+02 1.080000000000000000e+02 4.000000000000000000e+00
3.320000000000000000e+02 1.000000000000000000e+02 4.000000000000000000e+00
3.320000000000000000e+02 9.200000000000000000e+01 4.000000000000000000e+00
3.320000000000000000e+02 5.500000000000000000e+01 4.000000000000000000e+00
3.330000000000000000e+02 6.600000000000000000e+01 4.000000000000000000e+00
3.330000000000000000e+02 1.030000000000000000e+02 4.000000000000000000e+00
3.330000000000000000e+02 8.900000000000000000e+01 4.000000000000000000e+00
3.340000000000000000e+02 1.140000000000000000e+02 4.000000000000000000e+00
3.340000000000000000e+02 5.300000000000000000e+01 4.000000000000000000e+00
3.340000000000000000e+02 5.900000000000000000e+01 4.000000000000000000e+00
3.350000000000000000e+02 9.600000000000000000e+01 4.000000000000000000e+00
3.350000000000000000e+02 6.200000000000000000e+01 4.000000000000000000e+00
3.350000000000000000e+02 8.100000000000000000e+01 4.000000000000000000e+00
3.350000000000000000e+02 9.300000000000000000e+01 4.000000000000000000e+00
3.350000000000000000e+02 6.100000000000000000e+01 4.000000000000000000e+00
3.350000000000000000e+02 5.300000000000000000e+01 4.000000000000000000e+00
3.350000000000000000e+02 5.700000000000000000e+01 4.000000000000000000e+00
3.360000000000000000e+02 9.000000000000000000e+01 4.000000000000000000e+00
3.360000000000000000e+02 4.200000000000000000e+01 4.000000000000000000e+00
3.360000000000000000e+02 8.600000000000000000e+01 4.000000000000000000e+00
3.360000000000000000e+02 5.000000000000000000e+01 4.000000000000000000e+00
3.370000000000000000e+02 7.100000000000000000e+01 4.000000000000000000e+00
3.380000000000000000e+02 5.500000000000000000e+01 4.000000000000000000e+00
3.380000000000000000e+02 8.200000000000000000e+01 4.000000000000000000e+00
3.380000000000000000e+02 6.100000000000000000e+01 4.000000000000000000e+00
3.380000000000000000e+02 1.140000000000000000e+02 4.000000000000000000e+00
3.390000000000000000e+02 4.800000000000000000e+01 4.000000000000000000e+00
3.390000000000000000e+02 1.010000000000000000e+02 4.000000000000000000e+00
3.390000000000000000e+02 8.700000000000000000e+01 4.000000000000000000e+00
3.390000000000000000e+02 5.100000000000000000e+01 4.000000000000000000e+00
3.390000000000000000e+02 7.100000000000000000e+01 4.000000000000000000e+00
3.390000000000000000e+02 1.020000000000000000e+02 4.000000000000000000e+00
3.390000000000000000e+02 6.800000000000000000e+01 4.000000000000000000e+00
3.400000000000000000e+02 1.130000000000000000e+02 4.000000000000000000e+00
3.400000000000000000e+02 5.300000000000000000e+01 4.000000000000000000e+00
3.410000000000000000e+02 6.200000000000000000e+01 4.000000000000000000e+00
3.410000000000000000e+02 5.200000000000000000e+01 4.000000000000000000e+00
3.410000000000000000e+02 1.000000000000000000e+02 4.000000000000000000e+00
3.410000000000000000e+02 1.010000000000000000e+02 4.000000000000000000e+00
3.420000000000000000e+02 7.600000000000000000e+01 4.000000000000000000e+00
3.430000000000000000e+02 9.200000000000000000e+01 4.000000000000000000e+00
3.430000000000000000e+02 9.600000000000000000e+01 4.000000000000000000e+00
3.430000000000000000e+02 9.700000000000000000e+01 4.000000000000000000e+00
3.430000000000000000e+02 1.010000000000000000e+02 4.000000000000000000e+00
3.430000000000000000e+02 9.300000000000000000e+01 4.000000000000000000e+00
3.440000000000000000e+02 8.500000000000000000e+01 4.000000000000000000e+00
3.440000000000000000e+02 7.600000000000000000e+01 4.000000000000000000e+00
3.440000000000000000e+02 4.900000000000000000e+01 4.000000000000000000e+00
3.440000000000000000e+02 6.300000000000000000e+01 4.000000000000000000e+00
3.440000000000000000e+02 5.600000000000000000e+01 4.000000000000000000e+00
3.440000000000000000e+02 4.700000000000000000e+01 4.000000000000000000e+00
3.440000000000000000e+02 9.900000000000000000e+01 4.000000000000000000e+00
3.450000000000000000e+02 5.900000000000000000e+01 4.000000000000000000e+00
3.450000000000000000e+02 5.400000000000000000e+01 4.000000000000000000e+00
3.460000000000000000e+02 8.300000000000000000e+01 4.000000000000000000e+00
3.470000000000000000e+02 1.060000000000000000e+02 4.000000000000000000e+00
3.470000000000000000e+02 5.100000000000000000e+01 4.000000000000000000e+00
3.480000000000000000e+02 6.700000000000000000e+01 4.000000000000000000e+00
3.480000000000000000e+02 7.600000000000000000e+01 4.000000000000000000e+00
3.490000000000000000e+02 7.500000000000000000e+01 4.000000000000000000e+00
3.490000000000000000e+02 5.300000000000000000e+01 4.000000000000000000e+00
3.490000000000000000e+02 4.600000000000000000e+01 4.000000000000000000e+00
3.500000000000000000e+02 6.900000000000000000e+01 4.000000000000000000e+00
3.500000000000000000e+02 5.200000000000000000e+01 4.000000000000000000e+00
3.500000000000000000e+02 5.600000000000000000e+01 4.000000000000000000e+00
3.520000000000000000e+02 6.700000000000000000e+01 4.000000000000000000e+00
3.520000000000000000e+02 3.500000000000000000e+01 4.000000000000000000e+00
3.520000000000000000e+02 1.030000000000000000e+02 4.000000000000000000e+00
3.530000000000000000e+02 7.500000000000000000e+01 4.000000000000000000e+00
3.530000000000000000e+02 4.200000000000000000e+01 4.000000000000000000e+00
3.540000000000000000e+02 3.600000000000000000e+01 4.000000000000000000e+00
3.550000000000000000e+02 5.900000000000000000e+01 4.000000000000000000e+00
3.550000000000000000e+02 6.000000000000000000e+01 4.000000000000000000e+00
3.550000000000000000e+02 8.600000000000000000e+01 4.000000000000000000e+00
3.560000000000000000e+02 9.200000000000000000e+01 4.000000000000000000e+00
3.560000000000000000e+02 3.100000000000000000e+01 4.000000000000000000e+00
3.560000000000000000e+02 9.700000000000000000e+01 4.000000000000000000e+00
3.560000000000000000e+02 9.400000000000000000e+01 4.000000000000000000e+00
3.570000000000000000e+02 5.500000000000000000e+01 4.000000000000000000e+00
3.580000000000000000e+02 8.300000000000000000e+01 4.000000000000000000e+00
3.580000000000000000e+02 5.500000000000000000e+01 4.000000000000000000e+00
3.590000000000000000e+02 3.500000000000000000e+01 4.000000000000000000e+00
3.590000000000000000e+02 7.800000000000000000e+01 4.000000000000000000e+00
3.600000000000000000e+02 5.400000000000000000e+01 4.000000000000000000e+00
3.610000000000000000e+02 5.600000000000000000e+01 4.000000000000000000e+00
3.610000000000000000e+02 8.400000000000000000e+01 4.000000000000000000e+00
3.620000000000000000e+02 6.700000000000000000e+01 4.000000000000000000e+00
3.620000000000000000e+02 7.600000000000000000e+01 4.000000000000000000e+00
3.620000000000000000e+02 7.000000000000000000e+01 4.000000000000000000e+00
3.630000000000000000e+02 5.500000000000000000e+01 4.000000000000000000e+00
3.630000000000000000e+02 7.100000000000000000e+01 4.000000000000000000e+00
3.630000000000000000e+02 3.900000000000000000e+01 4.000000000000000000e+00
3.640000000000000000e+02 5.300000000000000000e+01 4.000000000000000000e+00
3.640000000000000000e+02 5.600000000000000000e+01 4.000000000000000000e+00
3.640000000000000000e+02 5.800000000000000000e+01 4.000000000000000000e+00
3.650000000000000000e+02 6.700000000000000000e+01 4.000000000000000000e+00
3.690000000000000000e+02 7.900000000000000000e+01 4.000000000000000000e+00
2.847639050993635692e+02 2.178798269588824041e+02 2.000000000000000000e+00
6.732203065621125404e+01 1.099081313292192732e+02 3.000000000000000000e+00
1.018906728438486908e+02 1.048151765165043656e+02 3.000000000000000000e+00
3.385989265297039879e+02 6.209034261655433795e+01 4.000000000000000000e+00
3.462850265195745010e+02 9.360959262118730351e+01 4.000000000000000000e+00
8.733942402503367930e+01 7.080896024114008469e+01 3.000000000000000000e+00
2.961967166495646779e+02 2.534643342811422997e+02 2.000000000000000000e+00
3.317428145772598214e+02 6.743974609150863841e+01 4.000000000000000000e+00
1.617946265650440978e+02 2.208621094331853740e+01 5.000000000000000000e+00
2.960271393505665287e+02 1.248394494765666281e+02 4.000000000000000000e+00
3.357658075826059871e+02 9.479599537009278265e+01 4.000000000000000000e+00
2.318558891959024777e+02 2.321594739071507547e+02 1.000000000000000000e+00
9.135454758453808211e+01 1.277510567343236119e+02 3.000000000000000000e+00
3.020123446876148705e+02 2.186791659329432775e+02 2.000000000000000000e+00
4.837228644031784341e+01 1.202193958688500004e+02 3.000000000000000000e+00
1.212899505846315691e+02 6.852520240124619022e+01 5.000000000000000000e+00
3.377256537236178247e+02 5.099682833089022438e+01 4.000000000000000000e+00
3.128215946271898247e+02 2.212670310858726737e+02 2.000000000000000000e+00
2.863373603023551368e+02 9.539162711233883840e+01 4.000000000000000000e+00
7.992762712622121057e+01 6.748919306218679992e+01 3.000000000000000000e+00
2.952934447668117173e+02 2.200600065567450372e+02 2.000000000000000000e+00
1.111321567949497791e+02 3.806038297785608648e+01 5.000000000000000000e+00
1.031563293782743642e+02 1.176023519401194477e+02 3.000000000000000000e+00
3.216883347070624382e+02 5.135981600784015910e+01 4.000000000000000000e+00
3.614006142378235609e+02 5.581086191635881022e+01 4.000000000000000000e+00
3.394956809341991857e+02 5.125356104839839588e+01 4.000000000000000000e+00
3.297193629274892714e+02 8.634377618298698565e+01 4.000000000000000000e+00
8.516439229149517587e+01 8.982312726116913382e+01 3.000000000000000000e+00
5.841733311056739808e+01 9.119336619581822845e+01 3.000000000000000000e+00
2.964414650831699305e+02 6.339578046682376566e+01 4.000000000000000000e+00
3.504268936206390777e+02 2.512559630748559414e+01 4.000000000000000000e+00
3.612153863870114492e+02 8.967523958230148651e+01 4.000000000000000000e+00
9.467976695103538987e+01 1.080309134604089962e+02 3.000000000000000000e+00
3.252050617763017044e+02 2.640686294159645513e+02 2.000000000000000000e+00
1.113177665174885931e+02 2.000071288936585390e+01 5.000000000000000000e+00
1.706432598970998811e+02 2.144835787189900600e+01 5.000000000000000000e+00
9.299167978174298810e+01 2.328510983618930297e+01 5.000000000000000000e+00
8.013529415579192516e+01 8.897614547537583007e+01 3.000000000000000000e+00
3.334203851728025825e+02 2.689496636415452713e+02 2.000000000000000000e+00
2.931394279777775864e+02 2.524267045779871808e+02 2.000000000000000000e+00
7.367351428968072469e+01 7.578004847970345281e+01 3.000000000000000000e+00
2.483739956339970263e+02 2.861802121056762189e+02 2.000000000000000000e+00
3.420221854872024210e+02 1.031240894029568267e+02 4.000000000000000000e+00
1.228903223671624829e+02 8.060101914292771141e+01 5.000000000000000000e+00
1.168523767373120279e+02 2.566886431133296043e+01 5.000000000000000000e+00
1.965375809261727511e+02 2.802186474733103410e+02 1.000000000000000000e+00
2.916625018533998173e+02 8.602819612666782234e+01 4.000000000000000000e+00
2.168166098951736274e+02 2.172898179760049686e+02 1.000000000000000000e+00
1.917846620853722470e+02 2.461997084258469499e+02 1.000000000000000000e+00
2.121803176587339124e+02 2.193514314030258561e+02 1.000000000000000000e+00
3.173886295726081812e+02 1.114237230120168647e+02 4.000000000000000000e+00
3.142639177808039790e+02 2.560062395096041996e+02 2.000000000000000000e+00
3.043482412987238490e+02 2.641158955870339469e+02 2.000000000000000000e+00
3.531306787086696204e+02 9.332962156651321095e+01 4.000000000000000000e+00
2.716433387691185430e+02 2.879720233507757143e+02 2.000000000000000000e+00
8.957125858255479045e+01 1.347694733424594915e+02 3.000000000000000000e+00
7.593538332077571340e+01 6.144126118862548225e+01 3.000000000000000000e+00
9.822321629101116969e+01 8.344942092619258744e+01 3.000000000000000000e+00
2.530326843633253020e+02 2.959958738726998035e+02 2.000000000000000000e+00
2.181192869923527269e+02 2.465875164403750261e+02 1.000000000000000000e+00
3.306812346733592562e+02 5.562440421513341704e+01 4.000000000000000000e+00
8.870843899165578250e+01 6.501323492705827789e+01 3.000000000000000000e+00
9.849576198286774797e+01 2.943317747611046542e+01 5.000000000000000000e+00
3.616065380767854549e+02 3.530878300034002848e+01 4.000000000000000000e+00
2.943941903827224564e+02 1.234893946408944458e+02 4.000000000000000000e+00
3.289960204667553398e+02 5.874892685025258743e+01 4.000000000000000000e+00
3.402057266425837838e+02 7.976769683386520171e+01 4.000000000000000000e+00
1.587062185626870701e+02 6.081636447715163740e+01 5.000000000000000000e+00
5.757612110314582310e+01 1.259587713115135301e+02 3.000000000000000000e+00
2.663129674183931002e+02 2.530765859569490601e+02 2.000000000000000000e+00
