6.706292382432796728e+01 1.760863547003743008e+02
6.880409404055906464e+01 1.783886685339777500e+02
6.093086316752807363e+01 1.702844957651267350e+02
5.973384301263916996e+01 1.686919918031227041e+02
6.543123003070371624e+01 1.737636790317746716e+02
6.157716033254961729e+01 1.680917512363048161e+02
6.334186626427546685e+01 1.706425160292448879e+02
6.104164336121977641e+01 1.700966816568027582e+02
6.263362334719165858e+01 1.718629715737514800e+02
5.340785961668479587e+01 1.627568431144289889e+02
6.293820030525223075e+01 1.687100785535995158e+02
6.855485709616576173e+01 1.764737467967919144e+02
6.516304259531378307e+01 1.711765820353678578e+02
5.344601710597588351e+01 1.629151670132076219e+02
6.065937348586088262e+01 1.706476590778724187e+02
5.917655435437340117e+01 1.691908097529582164e+02
6.716384091157682690e+01 1.763370685304946619e+02
6.062703390449536300e+01 1.698481191146250922e+02
5.396476394988538772e+01 1.624905542049333746e+02
6.035999202109156414e+01 1.698907875248560231e+02
5.985687102385600156e+01 1.688546853733658679e+02
6.802783467584325194e+01 1.770751605962764756e+02
6.459160045931260186e+01 1.700628382745213116e+02
5.355139340605488485e+01 1.622569485865367369e+02
6.044702902335528449e+01 1.700081784184298215e+02
5.483092473050485438e+01 1.637697366742071097e+02
6.930872116335154942e+01 1.771115849256338777e+02
6.273255209100623375e+01 1.691052859309027383e+02
5.418683143331165297e+01 1.640340313140214619e+02
6.262977223054438269e+01 1.676627221514038411e+02
6.444201492946439203e+01 1.696912342565059646e+02
6.451477256770787960e+01 1.693493497611630119e+02
6.886502846321999982e+01 1.774894683600018652e+02
6.388109246801314356e+01 1.704171574632090937e+02
6.247848648578736430e+01 1.690076636422035108e+02
7.069177380966975477e+01 1.788947704059266357e+02
5.355726808997388844e+01 1.621977682227082482e+02
6.228600867963471188e+01 1.707744295807029857e+02
5.401520330578971141e+01 1.620371243719288543e+02
6.801439661467153996e+01 1.768179609710763032e+02
5.206898887867418324e+01 1.608633211858496850e+02
6.238717375383146191e+01 1.724529421217705192e+02
5.935486354896085714e+01 1.685719998464664684e+02
6.854273844537770799e+01 1.775961376906921032e+02
6.438072382169785612e+01 1.698311682824582931e+02
6.762212013987353032e+01 1.766676185763626847e+02
6.261540394064153503e+01 1.718408228324356344e+02
6.098457786969972005e+01 1.706496322222903927e+02
6.779216222950861948e+01 1.756151183005804342e+02
6.809973959511290786e+01 1.762544069932917523e+02
5.351571682625721849e+01 1.627061772869073764e+02
5.329266169011750520e+01 1.628240743384648681e+02
6.645506155070664533e+01 1.712164888102679754e+02
6.229651635113435049e+01 1.710107465151391750e+02
5.870446347426483413e+01 1.686289754716916320e+02
6.279487741563439585e+01 1.698907690275050300e+02
6.404290008877624985e+01 1.703160905948847699e+02
5.329334142993300105e+01 1.619513964901114207e+02
5.424470276140747416e+01 1.648099421409644663e+02
6.717963143321145481e+01 1.757850563862190256e+02
6.732285128891975035e+01 1.758350610704130190e+02
5.457705625748113931e+01 1.631874296800687318e+02
6.789054866798278454e+01 1.762020079074341083e+02
6.720385558241238755e+01 1.755599953303539564e+02
6.871053654063587146e+01 1.765346358992984506e+02
6.302658071348684388e+01 1.677236078978479838e+02
5.973288740247747342e+01 1.686318167299493211e+02
6.686554277939437441e+01 1.756200319443695435e+02
6.026584458471088368e+01 1.697723065824764035e+02
6.399560319545828690e+01 1.690394148095573428e+02
5.162855362221445432e+01 1.616378771081011507e+02
6.103111675697527971e+01 1.712477633860844719e+02
5.179823342057885327e+01 1.614777974307474722e+02
6.825373169288363329e+01 1.764082602867513287e+02
5.213072949868413275e+01 1.622986191760232657e+02
6.874279720403318095e+01 1.767613893608203171e+02
6.364009621841367448e+01 1.697295942659820014e+02
6.375465324434185277e+01 1.694596664823177150e+02
6.117689902789024359e+01 1.696211674706506187e+02
6.133824367504442421e+01 1.700101543728108311e+02
5.361670244840589561e+01 1.627582509938398232e+02
6.157051765901800877e+01 1.706968064072105165e+02
5.420840156092425133e+01 1.626985434076115098e+02
6.206093507529445930e+01 1.707464347611764879e+02
5.975761312392777569e+01 1.692558616313941684e+02
6.443404738636888851e+01 1.700464747040055613e+02
5.335527707639132444e+01 1.620129715942904056e+02
5.445472274859100281e+01 1.639849274782011719e+02
6.598361012689689176e+01 1.756391278508267533e+02
5.388228841925861445e+01 1.629911096530902341e+02
5.371377384754359952e+01 1.628530793860931851e+02
5.546345663192877851e+01 1.641045931799065443e+02
6.769554157618274814e+01 1.759902034478374162e+02
5.408461307409984897e+01 1.630629025492226560e+02
5.925959275558360417e+01 1.688180034161555341e+02
6.096913010882543915e+01 1.700562219988779020e+02
6.701882015821209393e+01 1.751006845628445774e+02
6.998575251520011875e+01 1.775225845856273565e+02
6.676407728166572042e+01 1.755774831685146466e+02
6.106155202409404836e+01 1.697607003714173004e+02
5.213466910216620676e+01 1.619351167068352026e+02
5.462612905513474715e+01 1.630145684004767759e+02
6.681686469156511521e+01 1.744736068500846784e+02
5.406062458997553932e+01 1.639342609760824132e+02
6.066434742304300443e+01 1.697860249437900961e+02
5.862404678738088393e+01 1.686202037919423731e+02
6.185781376180202784e+01 1.678615837838097775e+02
6.835007073597576266e+01 1.762034827265619015e+02
6.113889779126746049e+01 1.700119132761319634e+02
5.464342480475315256e+01 1.633475803025289395e+02
5.399848734136172368e+01 1.630008884356148826e+02
6.253815490232629770e+01 1.693321375372850071e+02
5.407585095906077299e+01 1.632395894205345428e+02
5.462194554120147671e+01 1.633439004343204033e+02
6.800440667459820077e+01 1.759949466852467026e+02
5.284806374343420288e+01 1.618898922201049118e+02
6.709327377257220348e+01 1.754011250493236957e+02
5.907709357032186404e+01 1.698802235197976245e+02
6.540651892464158834e+01 1.700537407121526599e+02
6.729406412192955145e+01 1.761230389256097340e+02
6.297504329155893288e+01 1.711651837314396971e+02
5.350985446148497715e+01 1.625668580536412549e+02
6.640019391872181131e+01 1.751307867439558379e+02
6.796728218023550028e+01 1.759872727304445164e+02
5.368859731992794337e+01 1.631230102500576606e+02
6.730893188827656104e+01 1.757138251316531239e+02
6.736510129102096300e+01 1.762678799489812604e+02
6.777255436469710048e+01 1.762094253323400608e+02
6.709105858495405528e+01 1.769545909439443676e+02
5.409931856386776872e+01 1.643490298953274760e+02
5.978992597380224083e+01 1.699191793936321915e+02
5.349238880801257778e+01 1.633873475105960722e+02
6.348084077889995314e+01 1.690741328853573862e+02
5.279000647498706655e+01 1.630454670623111610e+02
5.461809840070873889e+01 1.640099221377254253e+02
5.434913718880934397e+01 1.623865073533507086e+02
6.094261063064976014e+01 1.708480038633954621e+02
6.859159924520785978e+01 1.771002778635504455e+02
6.113702426782202792e+01 1.698215217167395679e+02
6.440007271983370174e+01 1.707944708526235331e+02
6.767362808708853095e+01 1.778252992714021161e+02
6.746850178578399948e+01 1.756516800230289164e+02
6.629926202999608620e+01 1.747523725785258364e+02
6.733806826783771271e+01 1.769409448363059312e+02
6.269965507190136123e+01 1.688654567250348180e+02
5.391885119615318445e+01 1.628100325207683738e+02
6.203290374851129485e+01 1.717348176534405582e+02
6.098438543492508046e+01 1.710203254340566730e+02
6.363772959371458171e+01 1.699017141905135020e+02
5.364777968628809646e+01 1.623205433047576776e+02
5.607878064846278932e+01 1.651527970721067788e+02
6.652404494835693072e+01 1.762495125914200287e+02
6.058832099496804346e+01 1.693323250299941378e+02
6.059891665326729537e+01 1.704689302575731915e+02
5.852560451540522735e+01 1.682756722541070928e+02
6.340716933755286533e+01 1.691610273892205214e+02
6.269655842659963696e+01 1.692790552389966194e+02
6.774310335930215388e+01 1.759429020359011702e+02
6.162249167187918886e+01 1.687309920792670255e+02
5.908541211793471604e+01 1.701264105966764646e+02
6.822783138834785177e+01 1.764868109750174199e+02
6.129758686408495549e+01 1.710016687460675371e+02
6.551411042365518256e+01 1.755632777518775924e+02
6.560708636748209699e+01 1.742672957673672443e+02
6.352051969126419806e+01 1.693930876287080025e+02
6.432816532136067167e+01 1.700420199750221286e+02
7.058917620900223255e+01 1.787721738155120477e+02
6.093872684079816082e+01 1.705841527077183741e+02
5.357177576775284678e+01 1.624035027465955352e+02
6.423114557659803836e+01 1.701862889448713076e+02
6.861522147244107828e+01 1.770081169498336351e+02
5.316598880350640144e+01 1.627699698637852919e+02
6.777719511238802852e+01 1.767569790346440755e+02
6.329696904008303449e+01 1.692470621793247290e+02
6.268180921026729635e+01 1.710023482800917236e+02
5.161126053166667305e+01 1.607171189783993270e+02
6.207209064094469397e+01 1.710447434592466038e+02
5.202031483410235069e+01 1.617673131482440851e+02
5.145486290716200983e+01 1.607012680726736562e+02
5.379428019409261452e+01 1.632039193586179806e+02
6.930970387253169918e+01 1.777260849607336297e+02
6.777332752718115216e+01 1.769110799727269807e+02
6.491689701507220889e+01 1.729515065978941379e+02
5.926676454517144066e+01 1.704035174166251068e+02
6.192664490648029130e+01 1.685181700476191793e+02
5.429603153288434214e+01 1.638254719902133161e+02
6.346931307098358133e+01 1.687447138641653908e+02
6.747354206484203587e+01 1.764525942371918745e+02
6.379206558478739453e+01 1.688587451592053981e+02
5.519270847435475247e+01 1.636730408459007435e+02
6.723670988354614053e+01 1.756292643127014230e+02
6.333743282387997908e+01 1.688280252111848085e+02
5.119121821603460631e+01 1.616369282594542369e+02
6.284988265218650128e+01 1.684721109775828438e+02
6.423417028768770365e+01 1.699022640334136156e+02
5.246291016198593127e+01 1.615383976723749697e+02
6.088269412430764049e+01 1.716133099491453038e+02
6.248854720280505859e+01 1.683248437580801067e+02
6.050801147516096279e+01 1.697409782266096840e+02
5.570336525312450249e+01 1.640261302910476786e+02
5.463386799074458366e+01 1.629604334801206846e+02
6.012186692900371554e+01 1.693947835924972480e+02
6.133353651236785709e+01 1.676040480101696346e+02
6.367714155530661913e+01 1.694058443377422236e+02
5.901872036126890464e+01 1.689834696510270646e+02
6.343110153883184665e+01 1.705482440211487187e+02
6.535138573154895880e+01 1.704988124969226817e+02
5.842839557639563708e+01 1.681677330868956233e+02
6.280689868176025215e+01 1.691608936759915025e+02
6.622830496826321678e+01 1.721232368463041666e+02
6.191773118956256639e+01 1.683754899049368987e+02
6.747496400497672653e+01 1.753965797938727462e+02
6.658591650121162786e+01 1.737529146410711292e+02
6.595668082708628788e+01 1.753671860077250244e+02
5.959360454213122438e+01 1.685866121624302991e+02
6.937718464044066025e+01 1.774017682001459377e+02
6.534201140664546870e+01 1.711076297841904079e+02
5.321225375486041997e+01 1.620659400625518742e+02
5.430135936891195314e+01 1.640968882409609080e+02
5.348530985174565444e+01 1.624114926259885863e+02
6.200825988303364511e+01 1.712673454909460133e+02
6.692206599011498724e+01 1.763247930846486611e+02
6.379357111470963559e+01 1.689375770534060166e+02
5.427551463488427430e+01 1.627183794004833146e+02
6.307615876746511674e+01 1.693157257192144129e+02
6.617340795618457605e+01 1.750143808684751150e+02
5.398214571759978497e+01 1.641643157996202547e+02
5.975346717543624209e+01 1.705679972866898311e+02
5.489307470185443805e+01 1.637198920879496882e+02
6.187636361130729767e+01 1.680324174611010335e+02
6.408904126863608042e+01 1.697227838959214807e+02
6.258956276952246611e+01 1.690636036183208546e+02
6.167624061231144594e+01 1.676435442137802454e+02
6.412618850944710402e+01 1.689271556771070379e+02
5.843126173504504095e+01 1.679461181071796716e+02
6.237823547490299347e+01 1.707860529168604558e+02
5.937242056125603540e+01 1.699042388729829156e+02
6.460416074624099281e+01 1.697284134055223035e+02
5.273786924330923398e+01 1.625645060596152973e+02
6.674415461435020802e+01 1.756794492983371470e+02
6.479483342621693964e+01 1.740180022490054625e+02
6.366298292634340328e+01 1.700491960191884573e+02
6.208890629977818776e+01 1.687153704878143969e+02
6.910516709753571263e+01 1.765774065169164544e+02
5.330571484241115598e+01 1.620513867911394073e+02
5.538472731320520381e+01 1.634965785988654829e+02
6.011479889944303778e+01 1.687569126466941896e+02
6.831331706827091921e+01 1.764407327413876203e+02
6.109049613999431472e+01 1.704574002341552728e+02
6.253286576147832676e+01 1.727947550530348622e+02
6.156022328693818935e+01 1.704497481572841195e+02
6.384377454311717770e+01 1.685594335925819678e+02
6.789722833347379094e+01 1.751891997997040562e+02
5.204843235769097021e+01 1.610957972092196826e+02
5.966599304894790379e+01 1.697338131870518225e+02
5.459528523287193025e+01 1.632698029329384894e+02
5.360265818160971918e+01 1.626924886314999128e+02
6.337828615469867088e+01 1.692687867950551492e+02
5.401996604294618720e+01 1.640330948603649404e+02
6.283451114356887501e+01 1.684774005057627448e+02
6.105029669201060472e+01 1.702595323113457368e+02
5.837499401606680038e+01 1.677139845489311654e+02
6.752585272884063272e+01 1.755777834445895849e+02
5.248370750063950396e+01 1.621584160323828598e+02
6.741546260469029050e+01 1.764827103364476670e+02
6.509732430683224891e+01 1.745391828177263562e+02
6.147937020675121289e+01 1.705862570946696337e+02
6.109291895224303914e+01 1.699576062605824802e+02
5.310326919896293418e+01 1.633166732412857414e+02
6.906938296880036887e+01 1.768713223495199145e+02
6.120805314943084596e+01 1.695767495565378056e+02
5.332443119817953203e+01 1.625110205239933805e+02
6.773089441345913997e+01 1.765550701271818923e+02
6.163593169489396928e+01 1.686944146999580880e+02
6.709357794087773641e+01 1.763257622099909270e+02
5.236732805096694676e+01 1.616528172045796623e+02
6.233914475735136307e+01 1.686963566445829770e+02
6.264753646850243740e+01 1.687759768800640927e+02
5.993594367751227026e+01 1.699737326203338057e+02
6.766410167646391471e+01 1.765853986975356236e+02
6.692767867202525167e+01 1.745447238684691627e+02
5.941930795654036501e+01 1.685206336279580341e+02
6.725087400961848516e+01 1.758542725782593834e+02
6.216665035924157223e+01 1.689397933934778280e+02
6.750067102228018712e+01 1.762774870004938919e+02
6.039660738671345541e+01 1.672847643369280206e+02
6.300187062102265401e+01 1.699409205966540810e+02
6.681044635307529234e+01 1.761227140165562730e+02
6.000440336108368200e+01 1.702738021092063434e+02
6.115835513769215481e+01 1.697116884636055545e+02
6.163436997967168196e+01 1.702986298936746152e+02
6.796672169182627954e+01 1.756415481845745603e+02
5.121895699883566522e+01 1.601821644504009043e+02
5.348342624976379511e+01 1.629638904674604021e+02
6.795956341398211009e+01 1.751268441288146960e+02
5.104849711920495281e+01 1.611396485420150384e+02
5.254449298916609479e+01 1.611575231637453953e+02
5.320888266435759562e+01 1.630541452941670855e+02
6.024704246873729829e+01 1.698475526571337184e+02
6.664006841269237214e+01 1.744542228587990849e+02
6.907751186649500141e+01 1.766940330436927127e+02
5.361983927845995623e+01 1.617620953233118541e+02
6.221454704832463278e+01 1.718720182265298035e+02
5.090010701991592157e+01 1.608585434285393774e+02
6.689438629033645611e+01 1.745643905637793694e+02
6.786072872277782153e+01 1.758964238480258189e+02
6.332045968061103736e+01 1.700223560643877363e+02
5.498613263198914325e+01 1.634190329810731441e+02
5.461787308668489516e+01 1.632277997658767390e+02
5.886670115067649078e+01 1.683310951970492226e+02
5.346338785344349986e+01 1.634718950508733712e+02
6.245953375437558464e+01 1.707288781010351215e+02
6.673492300645425246e+01 1.765635609174634624e+02
6.201459378149723989e+01 1.712597974040408246e+02
5.398628714252058103e+01 1.623215756622109041e+02
6.426407457860564421e+01 1.698323579896710100e+02
5.326378664678745878e+01 1.624431400168708706e+02
6.070181549177041802e+01 1.676687193828454383e+02
6.268378913092254834e+01 1.686559348343380975e+02
6.027641073600938171e+01 1.698857287423134608e+02
6.019396512443530867e+01 1.693973094460582445e+02
6.034419134021658238e+01 1.701119077519654468e+02
6.501053039053593352e+01 1.713840705068676016e+02
6.234679923323597706e+01 1.682613405223504515e+02
5.196942769779457194e+01 1.617618806251772980e+02
6.849549903912235038e+01 1.769192191651887640e+02
6.083967009587943409e+01 1.703637617084672797e+02
6.413953206212187297e+01 1.687737861817235512e+02
5.261859693287272677e+01 1.623967727286515128e+02
6.706546465525548228e+01 1.762040223102471828e+02
6.060920184432732327e+01 1.704959270674457628e+02
6.119355527831159947e+01 1.701295228177948502e+02
6.831366965457642948e+01 1.760292159860678112e+02
6.837307951321781729e+01 1.765490446996042238e+02
6.391372914667597627e+01 1.695351918331425907e+02
6.760237509905071818e+01 1.764182658740660941e+02
6.410504753322712190e+01 1.696362013570254703e+02
6.204066801810400733e+01 1.670182506405146228e+02
5.950773779334604541e+01 1.684606045226912840e+02
6.260736073032767024e+01 1.679262073914179041e+02
5.381929865608349672e+01 1.631307583484585280e+02
6.615365875114889604e+01 1.756109652789130848e+02
6.668878596222920407e+01 1.751683182366526523e+02
6.320959634688613704e+01 1.727992099012988945e+02
6.593930764671463862e+01 1.727912826783656612e+02
5.833746129498825184e+01 1.673589452790697010e+02
6.788567578767263910e+01 1.757563233011826753e+02
6.747850231858974723e+01 1.765319492695786039e+02
6.610418980958459656e+01 1.749637093415182960e+02
6.718057325460546281e+01 1.745240067737789502e+02
5.857639170376784676e+01 1.694962764411609157e+02
6.698557392138087607e+01 1.754290391820481148e+02
6.038893319072513322e+01 1.704309254528780855e+02
6.713903470076101598e+01 1.760694914728687763e+02
5.988470167135623257e+01 1.691198366344373198e+02
6.020871922310382729e+01 1.691906795554436371e+02
5.366974121033561573e+01 1.617632622286956803e+02
6.459402463408792983e+01 1.736624708351791355e+02
6.032698143594704021e+01 1.690301741694855764e+02
5.495854011521122118e+01 1.641639452939907358e+02
5.578418373828231580e+01 1.646414904679867561e+02
6.198277636384050027e+01 1.687433251337071169e+02
5.994226846933153041e+01 1.698148757245164688e+02
6.627936701429428012e+01 1.756471983353645783e+02
6.831979889793660732e+01 1.774653469229352538e+02
6.362892367021201778e+01 1.696792852661923234e+02
6.327195154477492167e+01 1.699308600468551731e+02
6.711323909412728028e+01 1.745735572603744572e+02
6.158111415652986409e+01 1.687270739196945328e+02
5.387865096515355390e+01 1.632019084831358668e+02
6.059936267285750233e+01 1.694615530229878857e+02
6.055147598528752440e+01 1.690373440834274561e+02
6.095494339348764612e+01 1.699056343112890204e+02
5.307347272215208989e+01 1.618007547925309950e+02
6.038775432764389706e+01 1.704366627724354828e+02
6.194025949082033122e+01 1.678277267351785156e+02
5.965626520637524521e+01 1.685941058275865316e+02
5.337214500778245707e+01 1.629167017983352537e+02
5.243346761146511881e+01 1.611672279659201763e+02
6.172456567086574353e+01 1.710142654949666223e+02
5.572952021154671343e+01 1.643009343591329809e+02
5.388646126175400752e+01 1.635301468221995265e+02
6.183381933621166837e+01 1.679659759887208850e+02
5.329567663920840204e+01 1.622586123317591387e+02
5.483743149447945342e+01 1.620438440054224714e+02
6.275594323296151344e+01 1.692033944405876582e+02
6.123777598021263202e+01 1.680186495932336186e+02
6.444722284127196588e+01 1.694658619801860198e+02
6.363704229707681748e+01 1.699774079993313194e+02
5.369098290228385650e+01 1.625125044638083978e+02
5.193191852506458162e+01 1.617899050517042099e+02
5.430190656696964879e+01 1.637184052628972779e+02
5.276233651462853658e+01 1.619067786174729235e+02
6.893992259807063760e+01 1.762449831349259455e+02
5.523134414214739962e+01 1.642916550612403057e+02
6.823162723551666886e+01 1.758683758907727110e+02
6.118875688570111038e+01 1.705492116705406147e+02
6.687638017024856651e+01 1.765291830200186780e+02
5.316425833273717672e+01 1.626209910666338772e+02
6.141083368651823093e+01 1.709189566225959425e+02
6.851076901986479584e+01 1.753720585155638787e+02
6.003762100776847888e+01 1.691461627421422236e+02
6.877251194272611201e+01 1.767040356790041358e+02
6.027049450631496086e+01 1.702001006118245243e+02
6.115951098758110049e+01 1.680250801752452219e+02
6.272521586470679011e+01 1.678415027545146927e+02
5.262043039703221581e+01 1.620874742762737810e+02
5.980644186610842894e+01 1.678835266084989826e+02
5.382852066094872612e+01 1.631332065515457259e+02
6.471615408066267605e+01 1.703411157789636263e+02
6.327181362596457603e+01 1.715268596936122947e+02
6.642567331862788649e+01 1.743855597462754758e+02
5.525747049239252817e+01 1.641233028596412566e+02
6.337068427875117038e+01 1.702421500292923042e+02
6.153169451481740282e+01 1.709319059125564877e+02
6.882034877185360244e+01 1.765579085623345463e+02
5.442748331668146733e+01 1.640083505792649134e+02
6.354388296223368826e+01 1.701281987287476625e+02
6.367818987369738437e+01 1.691488793146490934e+02
6.147124920884201060e+01 1.701463590820213767e+02
6.546363691052889067e+01 1.741701023120785123e+02
6.162398264357634758e+01 1.712821797875009793e+02
6.720805367475546177e+01 1.757805227517158073e+02
6.471116427804369664e+01 1.707263100588053817e+02
6.886951817475846838e+01 1.774766145694068200e+02
6.252978916624545747e+01 1.716815971890028152e+02
6.918182154330060030e+01 1.762334872731501321e+02
5.490871822805484470e+01 1.641157818192825459e+02
6.122278644186842200e+01 1.681710756538529381e+02
7.070045600927009843e+01 1.785659553979703844e+02
5.364156383691932461e+01 1.632281053437134233e+02
6.801287431657964078e+01 1.760048306533431344e+02
6.109873016091112419e+01 1.699852299100460300e+02
6.517734527306154746e+01 1.720144661145677958e+02
6.265066201804439316e+01 1.712906170767454341e+02
6.317825524864463205e+01 1.692529092013048739e+02
6.730844404031942929e+01 1.756679121802175132e+02
5.458187876089720447e+01 1.636193606022236224e+02
5.958019936518171988e+01 1.694228274210452980e+02
6.084648597841004403e+01 1.697685186490201090e+02
6.309010997471824567e+01 1.695033564619200206e+02
6.774120608782448016e+01 1.755003690067252080e+02
6.596768802489449968e+01 1.743065597696176212e+02
6.007987123937654417e+01 1.686464819686755447e+02
6.063560901030721340e+01 1.696308236102938736e+02
6.460322546859946158e+01 1.704335948733658199e+02
6.151709898920010744e+01 1.712013892187852377e+02
6.159487707626513497e+01 1.674338939741464571e+02
5.393604303842503356e+01 1.629584161826834929e+02
6.750974602434092731e+01 1.761709905987051457e+02
6.258812750840593253e+01 1.674881157474044073e+02
6.624192891302041630e+01 1.750774341199833373e+02
5.483016895342032626e+01 1.644460095097578858e+02
6.162648520251562445e+01 1.677649998671337528e+02
6.517413250023088267e+01 1.697834682967701667e+02
6.256454423922006924e+01 1.688557933704265110e+02
5.408443765224863142e+01 1.624622618587339957e+02
6.460678733078935920e+01 1.692317193560909629e+02
5.973678260809129625e+01 1.708736167606926983e+02
5.304365887050680328e+01 1.619585391762697384e+02
6.527157378022887713e+01 1.708981583212518558e+02
6.291019878328159365e+01 1.686476566417944127e+02
6.590628614219581038e+01 1.714066605284517379e+02
6.369916616072379867e+01 1.693170471706087028e+02
6.671668643853911362e+01 1.715653983033306247e+02
6.020778242108063694e+01 1.697240896509587458e+02
5.162941503411668975e+01 1.609388768305537383e+02
6.739211262765095967e+01 1.764574903171065046e+02
6.412844099388027530e+01 1.689776434240613128e+02
6.756170533952310109e+01 1.760473088379769138e+02
5.990378948295597183e+01 1.697444366003171012e+02
6.702070621962525365e+01 1.742906962630426051e+02
6.221934418592952909e+01 1.685955294918665572e+02
5.342853970340023295e+01 1.628574679346954213e+02
6.040445993224811616e+01 1.706130830258040305e+02
5.267740821157478592e+01 1.622790150172423864e+02
6.398253611745750646e+01 1.705876658359087799e+02
5.251487819310907668e+01 1.617554474500203128e+02
5.951156193100095493e+01 1.699553076172253157e+02
5.525345356176752176e+01 1.653756455714956815e+02
6.086989664093065500e+01 1.692190612516671990e+02
6.266670930411216744e+01 1.690621581084673153e+02
6.511366266674743031e+01 1.705975524433331998e+02
5.357849545584279838e+01 1.624306125988583176e+02
6.327932974814428491e+01 1.689362052332651274e+02
6.220775652890407770e+01 1.690616035591702371e+02
6.139285936211482664e+01 1.678671396720156395e+02
5.406916342443904711e+01 1.629988746750467499e+02
6.637324781914375649e+01 1.763098164807368846e+02
6.317097365970537481e+01 1.700365714255888179e+02
6.228468416910784811e+01 1.686739928438388176e+02
5.522303858532964682e+01 1.634054983360916253e+02
6.231115416452497158e+01 1.705934572058389165e+02
6.184889364778637599e+01 1.682601942623238642e+02
6.220036241553989242e+01 1.678892679680778031e+02
5.997698272656192131e+01 1.696797405547344795e+02
6.642381443317769651e+01 1.746255735403190954e+02
5.360469781889057828e+01 1.619192081601418067e+02
5.043364367163625417e+01 1.607948748738931783e+02
6.022439200997024500e+01 1.696897087363866774e+02
