8.499999999999999778e-01 1.744999999999999929e+01 1.000000000000000000e+00
7.500000000000000000e-01 1.559999999999999964e+01 1.000000000000000000e+00
3.299999999999999822e+00 1.544999999999999929e+01 1.000000000000000000e+00
5.250000000000000000e+00 1.419999999999999929e+01 1.000000000000000000e+00
4.900000000000000355e+00 1.565000000000000036e+01 1.000000000000000000e+00
5.349999999999999645e+00 1.584999999999999964e+01 1.000000000000000000e+00
5.099999999999999645e+00 1.789999999999999858e+01 1.000000000000000000e+00
4.599999999999999645e+00 1.825000000000000000e+01 1.000000000000000000e+00
4.049999999999999822e+00 1.875000000000000000e+01 1.000000000000000000e+00
3.399999999999999911e+00 1.969999999999999929e+01 1.000000000000000000e+00
2.899999999999999911e+00 2.114999999999999858e+01 1.000000000000000000e+00
3.100000000000000089e+00 2.185000000000000142e+01 1.000000000000000000e+00
3.899999999999999911e+00 2.185000000000000142e+01 1.000000000000000000e+00
4.400000000000000355e+00 2.005000000000000071e+01 1.000000000000000000e+00
7.200000000000000178e+00 1.450000000000000000e+01 1.000000000000000000e+00
7.650000000000000355e+00 1.650000000000000000e+01 1.000000000000000000e+00
7.099999999999999645e+00 1.864999999999999858e+01 1.000000000000000000e+00
7.049999999999999822e+00 1.989999999999999858e+01 1.000000000000000000e+00
5.849999999999999645e+00 2.055000000000000071e+01 1.000000000000000000e+00
5.500000000000000000e+00 2.180000000000000071e+01 1.000000000000000000e+00
6.549999999999999822e+00 2.180000000000000071e+01 1.000000000000000000e+00
6.049999999999999822e+00 2.230000000000000071e+01 1.000000000000000000e+00
5.200000000000000178e+00 2.339999999999999858e+01 1.000000000000000000e+00
4.549999999999999822e+00 2.389999999999999858e+01 1.000000000000000000e+00
5.099999999999999645e+00 2.439999999999999858e+01 1.000000000000000000e+00
8.099999999999999645e+00 2.635000000000000142e+01 1.000000000000000000e+00
1.015000000000000036e+01 2.769999999999999929e+01 1.000000000000000000e+00
9.750000000000000000e+00 2.550000000000000000e+01 1.000000000000000000e+00
9.199999999999999289e+00 2.110000000000000142e+01 1.000000000000000000e+00
1.119999999999999929e+01 2.280000000000000071e+01 1.000000000000000000e+00
1.259999999999999964e+01 2.310000000000000142e+01 1.000000000000000000e+00
1.325000000000000000e+01 2.350000000000000000e+01 1.000000000000000000e+00
1.165000000000000036e+01 2.685000000000000142e+01 1.000000000000000000e+00
1.244999999999999929e+01 2.755000000000000071e+01 1.000000000000000000e+00
1.330000000000000071e+01 2.785000000000000142e+01 1.000000000000000000e+00
1.369999999999999929e+01 2.775000000000000000e+01 1.000000000000000000e+00
1.415000000000000036e+01 2.689999999999999858e+01 1.000000000000000000e+00
1.405000000000000071e+01 2.655000000000000071e+01 1.000000000000000000e+00
1.515000000000000036e+01 2.419999999999999929e+01 1.000000000000000000e+00
1.519999999999999929e+01 2.475000000000000000e+01 1.000000000000000000e+00
1.219999999999999929e+01 2.089999999999999858e+01 1.000000000000000000e+00
1.215000000000000036e+01 2.144999999999999929e+01 1.000000000000000000e+00
1.275000000000000000e+01 2.205000000000000071e+01 1.000000000000000000e+00
1.315000000000000036e+01 2.185000000000000142e+01 1.000000000000000000e+00
1.375000000000000000e+01 2.200000000000000000e+01 1.000000000000000000e+00
1.394999999999999929e+01 2.269999999999999929e+01 1.000000000000000000e+00
1.440000000000000036e+01 2.264999999999999858e+01 1.000000000000000000e+00
1.419999999999999929e+01 2.214999999999999858e+01 1.000000000000000000e+00
1.409999999999999964e+01 2.175000000000000000e+01 1.000000000000000000e+00
1.405000000000000071e+01 2.139999999999999858e+01 1.000000000000000000e+00
1.719999999999999929e+01 2.480000000000000071e+01 1.000000000000000000e+00
1.769999999999999929e+01 2.485000000000000142e+01 1.000000000000000000e+00
1.755000000000000071e+01 2.519999999999999929e+01 1.000000000000000000e+00
1.700000000000000000e+01 2.685000000000000142e+01 1.000000000000000000e+00
1.655000000000000071e+01 2.710000000000000142e+01 1.000000000000000000e+00
1.914999999999999858e+01 2.535000000000000142e+01 1.000000000000000000e+00
1.880000000000000071e+01 2.469999999999999929e+01 1.000000000000000000e+00
2.139999999999999858e+01 2.585000000000000142e+01 1.000000000000000000e+00
1.580000000000000071e+01 2.135000000000000142e+01 1.000000000000000000e+00
1.660000000000000142e+01 2.114999999999999858e+01 1.000000000000000000e+00
1.744999999999999929e+01 2.075000000000000000e+01 1.000000000000000000e+00
1.800000000000000000e+01 2.094999999999999929e+01 1.000000000000000000e+00
1.825000000000000000e+01 2.019999999999999929e+01 1.000000000000000000e+00
1.800000000000000000e+01 2.230000000000000071e+01 1.000000000000000000e+00
1.860000000000000142e+01 2.225000000000000000e+01 1.000000000000000000e+00
1.919999999999999929e+01 2.194999999999999929e+01 1.000000000000000000e+00
1.944999999999999929e+01 2.210000000000000142e+01 1.000000000000000000e+00
2.010000000000000142e+01 2.160000000000000142e+01 1.000000000000000000e+00
2.010000000000000142e+01 2.089999999999999858e+01 1.000000000000000000e+00
1.989999999999999858e+01 2.035000000000000142e+01 1.000000000000000000e+00
1.944999999999999929e+01 1.905000000000000071e+01 1.000000000000000000e+00
1.925000000000000000e+01 1.869999999999999929e+01 1.000000000000000000e+00
2.130000000000000071e+01 2.230000000000000071e+01 1.000000000000000000e+00
2.289999999999999858e+01 2.364999999999999858e+01 1.000000000000000000e+00
2.314999999999999858e+01 2.410000000000000142e+01 1.000000000000000000e+00
2.425000000000000000e+01 2.285000000000000142e+01 1.000000000000000000e+00
2.205000000000000071e+01 2.025000000000000000e+01 1.000000000000000000e+00
2.094999999999999929e+01 1.825000000000000000e+01 1.000000000000000000e+00
2.164999999999999858e+01 1.725000000000000000e+01 1.000000000000000000e+00
2.155000000000000071e+01 1.669999999999999929e+01 1.000000000000000000e+00
2.160000000000000142e+01 1.630000000000000071e+01 1.000000000000000000e+00
2.150000000000000000e+01 1.550000000000000000e+01 1.000000000000000000e+00
2.239999999999999858e+01 1.650000000000000000e+01 1.000000000000000000e+00
2.225000000000000000e+01 1.810000000000000142e+01 1.000000000000000000e+00
2.314999999999999858e+01 1.905000000000000071e+01 1.000000000000000000e+00
2.350000000000000000e+01 1.980000000000000071e+01 1.000000000000000000e+00
2.375000000000000000e+01 2.019999999999999929e+01 1.000000000000000000e+00
2.514999999999999858e+01 1.980000000000000071e+01 1.000000000000000000e+00
2.550000000000000000e+01 1.944999999999999929e+01 1.000000000000000000e+00
2.300000000000000000e+01 1.800000000000000000e+01 1.000000000000000000e+00
2.394999999999999929e+01 1.775000000000000000e+01 1.000000000000000000e+00
2.589999999999999858e+01 1.755000000000000071e+01 1.000000000000000000e+00
2.764999999999999858e+01 1.565000000000000036e+01 1.000000000000000000e+00
2.310000000000000142e+01 1.459999999999999964e+01 1.000000000000000000e+00
2.350000000000000000e+01 1.519999999999999929e+01 1.000000000000000000e+00
2.405000000000000071e+01 1.490000000000000036e+01 1.000000000000000000e+00
2.450000000000000000e+01 1.469999999999999929e+01 1.000000000000000000e+00
1.415000000000000036e+01 1.735000000000000142e+01 2.000000000000000000e+00
1.430000000000000071e+01 1.680000000000000071e+01 2.000000000000000000e+00
1.430000000000000071e+01 1.575000000000000000e+01 2.000000000000000000e+00
1.475000000000000000e+01 1.509999999999999964e+01 2.000000000000000000e+00
1.534999999999999964e+01 1.550000000000000000e+01 2.000000000000000000e+00
1.594999999999999929e+01 1.644999999999999929e+01 2.000000000000000000e+00
1.650000000000000000e+01 1.705000000000000071e+01 2.000000000000000000e+00
1.735000000000000142e+01 1.705000000000000071e+01 2.000000000000000000e+00
1.714999999999999858e+01 1.630000000000000071e+01 2.000000000000000000e+00
1.664999999999999858e+01 1.610000000000000142e+01 2.000000000000000000e+00
1.650000000000000000e+01 1.515000000000000036e+01 2.000000000000000000e+00
1.625000000000000000e+01 1.494999999999999929e+01 2.000000000000000000e+00
1.600000000000000000e+01 1.425000000000000000e+01 2.000000000000000000e+00
1.590000000000000036e+01 1.319999999999999929e+01 2.000000000000000000e+00
1.515000000000000036e+01 1.205000000000000071e+01 2.000000000000000000e+00
1.519999999999999929e+01 1.169999999999999929e+01 2.000000000000000000e+00
1.700000000000000000e+01 1.565000000000000036e+01 2.000000000000000000e+00
1.689999999999999858e+01 1.534999999999999964e+01 2.000000000000000000e+00
1.735000000000000142e+01 1.544999999999999929e+01 2.000000000000000000e+00
1.714999999999999858e+01 1.509999999999999964e+01 2.000000000000000000e+00
1.730000000000000071e+01 1.490000000000000036e+01 2.000000000000000000e+00
1.769999999999999929e+01 1.500000000000000000e+01 2.000000000000000000e+00
1.700000000000000000e+01 1.459999999999999964e+01 2.000000000000000000e+00
1.685000000000000142e+01 1.430000000000000071e+01 2.000000000000000000e+00
1.660000000000000142e+01 1.405000000000000071e+01 2.000000000000000000e+00
1.710000000000000142e+01 1.400000000000000000e+01 2.000000000000000000e+00
1.744999999999999929e+01 1.415000000000000036e+01 2.000000000000000000e+00
1.780000000000000071e+01 1.419999999999999929e+01 2.000000000000000000e+00
1.760000000000000142e+01 1.384999999999999964e+01 2.000000000000000000e+00
1.719999999999999929e+01 1.350000000000000000e+01 2.000000000000000000e+00
1.725000000000000000e+01 1.315000000000000036e+01 2.000000000000000000e+00
1.710000000000000142e+01 1.275000000000000000e+01 2.000000000000000000e+00
1.694999999999999929e+01 1.234999999999999964e+01 2.000000000000000000e+00
1.650000000000000000e+01 1.219999999999999929e+01 2.000000000000000000e+00
1.625000000000000000e+01 1.250000000000000000e+01 2.000000000000000000e+00
1.605000000000000071e+01 1.190000000000000036e+01 2.000000000000000000e+00
1.664999999999999858e+01 1.090000000000000036e+01 2.000000000000000000e+00
1.669999999999999929e+01 1.140000000000000036e+01 2.000000000000000000e+00
1.694999999999999929e+01 1.125000000000000000e+01 2.000000000000000000e+00
1.730000000000000071e+01 1.119999999999999929e+01 2.000000000000000000e+00
1.805000000000000071e+01 1.190000000000000036e+01 2.000000000000000000e+00
1.860000000000000142e+01 1.250000000000000000e+01 2.000000000000000000e+00
1.889999999999999858e+01 1.205000000000000071e+01 2.000000000000000000e+00
1.869999999999999929e+01 1.125000000000000000e+01 2.000000000000000000e+00
1.794999999999999929e+01 1.090000000000000036e+01 2.000000000000000000e+00
1.839999999999999858e+01 1.005000000000000071e+01 2.000000000000000000e+00
1.744999999999999929e+01 1.040000000000000036e+01 2.000000000000000000e+00
1.760000000000000142e+01 1.015000000000000036e+01 2.000000000000000000e+00
1.769999999999999929e+01 9.849999999999999645e+00 2.000000000000000000e+00
1.730000000000000071e+01 9.699999999999999289e+00 2.000000000000000000e+00
1.694999999999999929e+01 9.699999999999999289e+00 2.000000000000000000e+00
1.675000000000000000e+01 9.650000000000000355e+00 2.000000000000000000e+00
1.980000000000000071e+01 9.949999999999999289e+00 2.000000000000000000e+00
1.910000000000000142e+01 9.550000000000000711e+00 2.000000000000000000e+00
1.750000000000000000e+01 8.300000000000000711e+00 2.000000000000000000e+00
1.755000000000000071e+01 8.099999999999999645e+00 2.000000000000000000e+00
1.785000000000000142e+01 7.549999999999999822e+00 2.000000000000000000e+00
1.819999999999999929e+01 8.349999999999999645e+00 2.000000000000000000e+00
1.930000000000000071e+01 9.099999999999999645e+00 2.000000000000000000e+00
1.939999999999999858e+01 8.849999999999999645e+00 2.000000000000000000e+00
1.905000000000000071e+01 8.849999999999999645e+00 2.000000000000000000e+00
1.889999999999999858e+01 8.500000000000000000e+00 2.000000000000000000e+00
1.860000000000000142e+01 7.849999999999999645e+00 2.000000000000000000e+00
1.869999999999999929e+01 7.650000000000000355e+00 2.000000000000000000e+00
1.935000000000000142e+01 8.199999999999999289e+00 2.000000000000000000e+00
1.994999999999999929e+01 8.300000000000000711e+00 2.000000000000000000e+00
2.000000000000000000e+01 8.900000000000000355e+00 2.000000000000000000e+00
2.030000000000000071e+01 8.900000000000000355e+00 2.000000000000000000e+00
2.055000000000000071e+01 8.800000000000000711e+00 2.000000000000000000e+00
1.835000000000000142e+01 6.950000000000000178e+00 2.000000000000000000e+00
1.864999999999999858e+01 6.900000000000000355e+00 2.000000000000000000e+00
1.930000000000000071e+01 7.000000000000000000e+00 2.000000000000000000e+00
1.910000000000000142e+01 6.849999999999999645e+00 2.000000000000000000e+00
1.914999999999999858e+01 6.650000000000000355e+00 2.000000000000000000e+00
2.119999999999999929e+01 8.800000000000000711e+00 2.000000000000000000e+00
2.139999999999999858e+01 8.800000000000000711e+00 2.000000000000000000e+00
2.110000000000000142e+01 8.000000000000000000e+00 2.000000000000000000e+00
2.039999999999999858e+01 7.000000000000000000e+00 2.000000000000000000e+00
2.050000000000000000e+01 6.349999999999999645e+00 2.000000000000000000e+00
2.010000000000000142e+01 6.049999999999999822e+00 2.000000000000000000e+00
2.044999999999999929e+01 5.150000000000000355e+00 2.000000000000000000e+00
2.094999999999999929e+01 5.549999999999999822e+00 2.000000000000000000e+00
2.094999999999999929e+01 6.200000000000000178e+00 2.000000000000000000e+00
2.089999999999999858e+01 6.599999999999999645e+00 2.000000000000000000e+00
2.105000000000000071e+01 7.000000000000000000e+00 2.000000000000000000e+00
2.185000000000000142e+01 8.500000000000000000e+00 2.000000000000000000e+00
2.189999999999999858e+01 8.199999999999999289e+00 2.000000000000000000e+00
2.230000000000000071e+01 7.700000000000000178e+00 2.000000000000000000e+00
2.185000000000000142e+01 6.650000000000000355e+00 2.000000000000000000e+00
2.130000000000000071e+01 5.049999999999999822e+00 2.000000000000000000e+00
2.260000000000000142e+01 6.700000000000000178e+00 2.000000000000000000e+00
2.250000000000000000e+01 6.150000000000000355e+00 2.000000000000000000e+00
2.364999999999999858e+01 7.200000000000000178e+00 2.000000000000000000e+00
2.410000000000000142e+01 7.000000000000000000e+00 2.000000000000000000e+00
2.194999999999999929e+01 4.799999999999999822e+00 2.000000000000000000e+00
2.214999999999999858e+01 5.049999999999999822e+00 2.000000000000000000e+00
2.244999999999999929e+01 5.299999999999999822e+00 2.000000000000000000e+00
2.244999999999999929e+01 4.900000000000000355e+00 2.000000000000000000e+00
2.269999999999999929e+01 5.500000000000000000e+00 2.000000000000000000e+00
2.300000000000000000e+01 5.599999999999999645e+00 2.000000000000000000e+00
2.319999999999999929e+01 5.299999999999999822e+00 2.000000000000000000e+00
2.344999999999999929e+01 5.950000000000000178e+00 2.000000000000000000e+00
2.375000000000000000e+01 5.950000000000000178e+00 2.000000000000000000e+00
2.444999999999999929e+01 6.150000000000000355e+00 2.000000000000000000e+00
2.460000000000000142e+01 6.450000000000000178e+00 2.000000000000000000e+00
2.519999999999999929e+01 6.549999999999999822e+00 2.000000000000000000e+00
2.605000000000000071e+01 6.400000000000000355e+00 2.000000000000000000e+00
2.530000000000000071e+01 5.750000000000000000e+00 2.000000000000000000e+00
2.435000000000000142e+01 5.349999999999999645e+00 2.000000000000000000e+00
2.330000000000000071e+01 4.900000000000000355e+00 2.000000000000000000e+00
2.294999999999999929e+01 4.750000000000000000e+00 2.000000000000000000e+00
2.239999999999999858e+01 4.549999999999999822e+00 2.000000000000000000e+00
2.280000000000000071e+01 4.099999999999999645e+00 2.000000000000000000e+00
2.289999999999999858e+01 4.000000000000000000e+00 2.000000000000000000e+00
2.325000000000000000e+01 3.850000000000000089e+00 2.000000000000000000e+00
2.344999999999999929e+01 3.600000000000000089e+00 2.000000000000000000e+00
2.355000000000000071e+01 4.200000000000000178e+00 2.000000000000000000e+00
2.380000000000000071e+01 3.649999999999999911e+00 2.000000000000000000e+00
2.380000000000000071e+01 4.750000000000000000e+00 2.000000000000000000e+00
2.419999999999999929e+01 4.000000000000000000e+00 2.000000000000000000e+00
2.455000000000000071e+01 4.000000000000000000e+00 2.000000000000000000e+00
2.469999999999999929e+01 3.850000000000000089e+00 2.000000000000000000e+00
2.469999999999999929e+01 4.299999999999999822e+00 2.000000000000000000e+00
2.489999999999999858e+01 4.750000000000000000e+00 2.000000000000000000e+00
2.639999999999999858e+01 5.700000000000000178e+00 2.000000000000000000e+00
2.714999999999999858e+01 5.950000000000000178e+00 2.000000000000000000e+00
2.730000000000000071e+01 5.450000000000000178e+00 2.000000000000000000e+00
2.750000000000000000e+01 5.450000000000000178e+00 2.000000000000000000e+00
2.755000000000000071e+01 5.099999999999999645e+00 2.000000000000000000e+00
2.685000000000000142e+01 4.950000000000000178e+00 2.000000000000000000e+00
2.660000000000000142e+01 4.900000000000000355e+00 2.000000000000000000e+00
2.685000000000000142e+01 4.400000000000000355e+00 2.000000000000000000e+00
2.619999999999999929e+01 4.400000000000000355e+00 2.000000000000000000e+00
2.600000000000000000e+01 4.250000000000000000e+00 2.000000000000000000e+00
2.514999999999999858e+01 4.099999999999999645e+00 2.000000000000000000e+00
2.560000000000000142e+01 3.899999999999999911e+00 2.000000000000000000e+00
2.585000000000000142e+01 3.600000000000000089e+00 2.000000000000000000e+00
2.494999999999999929e+01 3.350000000000000089e+00 2.000000000000000000e+00
2.510000000000000142e+01 3.250000000000000000e+00 2.000000000000000000e+00
2.544999999999999929e+01 3.149999999999999911e+00 2.000000000000000000e+00
2.685000000000000142e+01 2.950000000000000178e+00 2.000000000000000000e+00
2.714999999999999858e+01 3.149999999999999911e+00 2.000000000000000000e+00
2.719999999999999929e+01 3.000000000000000000e+00 2.000000000000000000e+00
2.794999999999999929e+01 3.250000000000000000e+00 2.000000000000000000e+00
2.794999999999999929e+01 3.500000000000000000e+00 2.000000000000000000e+00
2.880000000000000071e+01 4.049999999999999822e+00 2.000000000000000000e+00
2.880000000000000071e+01 4.700000000000000178e+00 2.000000000000000000e+00
2.875000000000000000e+01 5.450000000000000178e+00 2.000000000000000000e+00
2.860000000000000142e+01 5.750000000000000000e+00 2.000000000000000000e+00
2.925000000000000000e+01 6.299999999999999822e+00 2.000000000000000000e+00
3.000000000000000000e+01 6.549999999999999822e+00 2.000000000000000000e+00
3.060000000000000142e+01 3.399999999999999911e+00 2.000000000000000000e+00
3.005000000000000071e+01 3.450000000000000178e+00 2.000000000000000000e+00
2.975000000000000000e+01 3.450000000000000178e+00 2.000000000000000000e+00
2.919999999999999929e+01 4.000000000000000000e+00 2.000000000000000000e+00
2.944999999999999929e+01 4.049999999999999822e+00 2.000000000000000000e+00
2.905000000000000071e+01 4.549999999999999822e+00 2.000000000000000000e+00
2.939999999999999858e+01 4.849999999999999645e+00 2.000000000000000000e+00
2.950000000000000000e+01 4.700000000000000178e+00 2.000000000000000000e+00
2.989999999999999858e+01 4.450000000000000178e+00 2.000000000000000000e+00
3.075000000000000000e+01 4.450000000000000178e+00 2.000000000000000000e+00
3.039999999999999858e+01 4.049999999999999822e+00 2.000000000000000000e+00
3.080000000000000071e+01 3.950000000000000178e+00 2.000000000000000000e+00
3.105000000000000071e+01 3.950000000000000178e+00 2.000000000000000000e+00
3.089999999999999858e+01 5.200000000000000178e+00 2.000000000000000000e+00
3.064999999999999858e+01 5.849999999999999645e+00 2.000000000000000000e+00
3.069999999999999929e+01 6.150000000000000355e+00 2.000000000000000000e+00
3.150000000000000000e+01 6.250000000000000000e+00 2.000000000000000000e+00
3.164999999999999858e+01 6.549999999999999822e+00 2.000000000000000000e+00
3.200000000000000000e+01 7.000000000000000000e+00 2.000000000000000000e+00
3.250000000000000000e+01 7.950000000000000178e+00 2.000000000000000000e+00
3.335000000000000142e+01 7.450000000000000178e+00 2.000000000000000000e+00
3.260000000000000142e+01 6.950000000000000178e+00 2.000000000000000000e+00
3.264999999999999858e+01 6.599999999999999645e+00 2.000000000000000000e+00
3.254999999999999716e+01 6.349999999999999645e+00 2.000000000000000000e+00
3.235000000000000142e+01 6.099999999999999645e+00 2.000000000000000000e+00
3.254999999999999716e+01 5.799999999999999822e+00 2.000000000000000000e+00
3.220000000000000284e+01 5.049999999999999822e+00 2.000000000000000000e+00
3.235000000000000142e+01 4.250000000000000000e+00 2.000000000000000000e+00
3.289999999999999858e+01 4.150000000000000355e+00 2.000000000000000000e+00
3.270000000000000284e+01 4.599999999999999645e+00 2.000000000000000000e+00
3.275000000000000000e+01 4.849999999999999645e+00 2.000000000000000000e+00
3.410000000000000142e+01 4.599999999999999645e+00 2.000000000000000000e+00
3.410000000000000142e+01 5.000000000000000000e+00 2.000000000000000000e+00
3.360000000000000142e+01 5.250000000000000000e+00 2.000000000000000000e+00
3.335000000000000142e+01 5.650000000000000355e+00 2.000000000000000000e+00
3.375000000000000000e+01 5.950000000000000178e+00 2.000000000000000000e+00
3.339999999999999858e+01 6.200000000000000178e+00 2.000000000000000000e+00
3.445000000000000284e+01 5.799999999999999822e+00 2.000000000000000000e+00
3.464999999999999858e+01 5.650000000000000355e+00 2.000000000000000000e+00
3.464999999999999858e+01 6.250000000000000000e+00 2.000000000000000000e+00
3.525000000000000000e+01 6.250000000000000000e+00 2.000000000000000000e+00
3.435000000000000142e+01 6.799999999999999822e+00 2.000000000000000000e+00
3.410000000000000142e+01 7.150000000000000355e+00 2.000000000000000000e+00
3.445000000000000284e+01 7.299999999999999822e+00 2.000000000000000000e+00
3.470000000000000284e+01 7.200000000000000178e+00 2.000000000000000000e+00
3.485000000000000142e+01 7.000000000000000000e+00 2.000000000000000000e+00
3.435000000000000142e+01 7.750000000000000000e+00 2.000000000000000000e+00
3.454999999999999716e+01 7.849999999999999645e+00 2.000000000000000000e+00
3.504999999999999716e+01 8.000000000000000000e+00 2.000000000000000000e+00
3.550000000000000000e+01 8.050000000000000711e+00 2.000000000000000000e+00
3.579999999999999716e+01 7.099999999999999645e+00 2.000000000000000000e+00
3.660000000000000142e+01 6.700000000000000178e+00 2.000000000000000000e+00
3.675000000000000000e+01 7.250000000000000000e+00 2.000000000000000000e+00
3.650000000000000000e+01 7.400000000000000355e+00 2.000000000000000000e+00
3.595000000000000284e+01 7.900000000000000355e+00 2.000000000000000000e+00
3.610000000000000142e+01 8.099999999999999645e+00 2.000000000000000000e+00
3.614999999999999858e+01 8.400000000000000355e+00 2.000000000000000000e+00
3.760000000000000142e+01 7.349999999999999645e+00 2.000000000000000000e+00
3.789999999999999858e+01 7.650000000000000355e+00 2.000000000000000000e+00
2.914999999999999858e+01 4.400000000000000355e+00 2.000000000000000000e+00
3.489999999999999858e+01 9.000000000000000000e+00 2.000000000000000000e+00
3.529999999999999716e+01 9.400000000000000355e+00 2.000000000000000000e+00
3.589999999999999858e+01 9.349999999999999645e+00 2.000000000000000000e+00
3.600000000000000000e+01 9.650000000000000355e+00 2.000000000000000000e+00
3.575000000000000000e+01 1.000000000000000000e+01 2.000000000000000000e+00
3.670000000000000284e+01 9.150000000000000355e+00 2.000000000000000000e+00
3.660000000000000142e+01 9.800000000000000711e+00 2.000000000000000000e+00
3.689999999999999858e+01 9.750000000000000000e+00 2.000000000000000000e+00
3.725000000000000000e+01 1.015000000000000036e+01 2.000000000000000000e+00
3.639999999999999858e+01 1.015000000000000036e+01 2.000000000000000000e+00
3.629999999999999716e+01 1.069999999999999929e+01 2.000000000000000000e+00
3.675000000000000000e+01 1.084999999999999964e+01 2.000000000000000000e+00
3.814999999999999858e+01 9.699999999999999289e+00 2.000000000000000000e+00
3.839999999999999858e+01 9.449999999999999289e+00 2.000000000000000000e+00
3.835000000000000142e+01 1.050000000000000000e+01 2.000000000000000000e+00
3.770000000000000284e+01 1.080000000000000071e+01 2.000000000000000000e+00
3.745000000000000284e+01 1.115000000000000036e+01 2.000000000000000000e+00
3.735000000000000142e+01 1.140000000000000036e+01 2.000000000000000000e+00
3.700000000000000000e+01 1.175000000000000000e+01 2.000000000000000000e+00
3.679999999999999716e+01 1.219999999999999929e+01 2.000000000000000000e+00
3.714999999999999858e+01 1.255000000000000071e+01 2.000000000000000000e+00
3.725000000000000000e+01 1.215000000000000036e+01 2.000000000000000000e+00
3.764999999999999858e+01 1.194999999999999929e+01 2.000000000000000000e+00
3.795000000000000284e+01 1.184999999999999964e+01 2.000000000000000000e+00
3.860000000000000142e+01 1.175000000000000000e+01 2.000000000000000000e+00
3.850000000000000000e+01 1.219999999999999929e+01 2.000000000000000000e+00
3.800000000000000000e+01 1.294999999999999929e+01 2.000000000000000000e+00
3.729999999999999716e+01 1.300000000000000000e+01 2.000000000000000000e+00
3.750000000000000000e+01 1.340000000000000036e+01 2.000000000000000000e+00
3.785000000000000142e+01 1.450000000000000000e+01 2.000000000000000000e+00
3.829999999999999716e+01 1.459999999999999964e+01 2.000000000000000000e+00
3.804999999999999716e+01 1.444999999999999929e+01 2.000000000000000000e+00
3.835000000000000142e+01 1.434999999999999964e+01 2.000000000000000000e+00
3.850000000000000000e+01 1.425000000000000000e+01 2.000000000000000000e+00
3.929999999999999716e+01 1.419999999999999929e+01 2.000000000000000000e+00
3.900000000000000000e+01 1.319999999999999929e+01 2.000000000000000000e+00
3.895000000000000284e+01 1.290000000000000036e+01 2.000000000000000000e+00
3.920000000000000284e+01 1.234999999999999964e+01 2.000000000000000000e+00
3.950000000000000000e+01 1.180000000000000071e+01 2.000000000000000000e+00
3.954999999999999716e+01 1.230000000000000071e+01 2.000000000000000000e+00
3.975000000000000000e+01 1.275000000000000000e+01 2.000000000000000000e+00
4.020000000000000284e+01 1.280000000000000071e+01 2.000000000000000000e+00
4.039999999999999858e+01 1.205000000000000071e+01 2.000000000000000000e+00
4.045000000000000284e+01 1.250000000000000000e+01 2.000000000000000000e+00
4.054999999999999716e+01 1.315000000000000036e+01 2.000000000000000000e+00
4.045000000000000284e+01 1.450000000000000000e+01 2.000000000000000000e+00
4.020000000000000284e+01 1.480000000000000071e+01 2.000000000000000000e+00
4.064999999999999858e+01 1.490000000000000036e+01 2.000000000000000000e+00
4.060000000000000142e+01 1.525000000000000000e+01 2.000000000000000000e+00
4.129999999999999716e+01 1.530000000000000071e+01 2.000000000000000000e+00
4.095000000000000284e+01 1.569999999999999929e+01 2.000000000000000000e+00
4.125000000000000000e+01 1.680000000000000071e+01 2.000000000000000000e+00
4.095000000000000284e+01 1.705000000000000071e+01 2.000000000000000000e+00
4.070000000000000284e+01 1.644999999999999929e+01 2.000000000000000000e+00
4.045000000000000284e+01 1.630000000000000071e+01 2.000000000000000000e+00
3.989999999999999858e+01 1.619999999999999929e+01 2.000000000000000000e+00
3.964999999999999858e+01 1.619999999999999929e+01 2.000000000000000000e+00
3.925000000000000000e+01 1.550000000000000000e+01 2.000000000000000000e+00
3.885000000000000142e+01 1.550000000000000000e+01 2.000000000000000000e+00
3.829999999999999716e+01 1.650000000000000000e+01 2.000000000000000000e+00
3.875000000000000000e+01 1.685000000000000142e+01 2.000000000000000000e+00
3.900000000000000000e+01 1.660000000000000142e+01 2.000000000000000000e+00
3.825000000000000000e+01 1.735000000000000142e+01 2.000000000000000000e+00
3.950000000000000000e+01 1.694999999999999929e+01 2.000000000000000000e+00
3.989999999999999858e+01 1.705000000000000071e+01 2.000000000000000000e+00
3.782183111153192279e-03 1.707076942977512246e+01 1.000000000000000000e+00
-2.127916619934515641e-01 1.488610564599883368e+01 1.000000000000000000e+00
2.998901051269432294e+00 1.532230461994459070e+01 1.000000000000000000e+00
5.016787300056371635e+00 1.412243863058403193e+01 1.000000000000000000e+00
3.964902244103034601e+00 1.508177583944698164e+01 1.000000000000000000e+00
4.507852876857612934e+00 1.495474778788454095e+01 1.000000000000000000e+00
4.320209549730558152e+00 1.728905301830949170e+01 1.000000000000000000e+00
4.092400418091460601e+00 1.744387721853620121e+01 1.000000000000000000e+00
3.467558478646378450e+00 1.871598752508849373e+01 1.000000000000000000e+00
2.813537487873304599e+00 1.908146563302806697e+01 1.000000000000000000e+00
2.479472005859223227e+00 2.078862286638276657e+01 1.000000000000000000e+00
2.266912220706182701e+00 2.170953280946265451e+01 1.000000000000000000e+00
3.744758351192999157e+00 2.172162413212547349e+01 1.000000000000000000e+00
4.290650248731187943e+00 2.001398655313815311e+01 1.000000000000000000e+00
6.676768485748821647e+00 1.409813414357934924e+01 1.000000000000000000e+00
7.097180613111465419e+00 1.552678113313737818e+01 1.000000000000000000e+00
6.936282644102873540e+00 1.775989297214637830e+01 1.000000000000000000e+00
6.900625770871297249e+00 1.930003166792722880e+01 1.000000000000000000e+00
5.789745119765996151e+00 2.015275283379894233e+01 1.000000000000000000e+00
5.067481883316069968e+00 2.178124974621333720e+01 1.000000000000000000e+00
6.060144701032929682e+00 2.102777366289376104e+01 1.000000000000000000e+00
6.044743046385421259e+00 2.160530738466145806e+01 1.000000000000000000e+00
4.938563452150938282e+00 2.335985654609667961e+01 1.000000000000000000e+00
4.207419841877727329e+00 2.316583060881239930e+01 1.000000000000000000e+00
5.086544823302116214e+00 2.358865802295821013e+01 1.000000000000000000e+00
7.399173951945787309e+00 2.628522188779833613e+01 1.000000000000000000e+00
9.300763518435280375e+00 2.721339206001692901e+01 1.000000000000000000e+00
9.329425455507660558e+00 2.450644216323396662e+01 1.000000000000000000e+00
8.389010866682774292e+00 2.071030417451677152e+01 1.000000000000000000e+00
1.021008401590652426e+01 2.209827858192198491e+01 1.000000000000000000e+00
1.216681099373068520e+01 2.288521565287314630e+01 1.000000000000000000e+00
1.228782671500365709e+01 2.300055160610792271e+01 1.000000000000000000e+00
1.121475680629881388e+01 2.679436951100433717e+01 1.000000000000000000e+00
1.224255808800468159e+01 2.751451169803192087e+01 1.000000000000000000e+00
1.309757256481012710e+01 2.736069513812761045e+01 1.000000000000000000e+00
1.294403158633579309e+01 2.745515644819289136e+01 1.000000000000000000e+00
1.320568724415959139e+01 2.683518207366295982e+01 1.000000000000000000e+00
1.318952056711589726e+01 2.584982500159056329e+01 1.000000000000000000e+00
1.474329385243239265e+01 2.388438108740044896e+01 1.000000000000000000e+00
1.424861265066086702e+01 2.396706225442795812e+01 1.000000000000000000e+00
1.173075558247056271e+01 2.071925883516971112e+01 1.000000000000000000e+00
1.144272187476471814e+01 2.142563716128674045e+01 1.000000000000000000e+00
1.225934192821662805e+01 2.127356291904011343e+01 1.000000000000000000e+00
1.278434381374219697e+01 2.143707851275791398e+01 1.000000000000000000e+00
1.313621458919596208e+01 2.151937780876707862e+01 1.000000000000000000e+00
1.329655166319409965e+01 2.245317983792283201e+01 1.000000000000000000e+00
1.418601862766602295e+01 2.227719086230145962e+01 1.000000000000000000e+00
1.364129044293229320e+01 2.130948309939290652e+01 1.000000000000000000e+00
1.314369430274007300e+01 2.086956996141562470e+01 1.000000000000000000e+00
1.316624741505798113e+01 2.115790515980788200e+01 1.000000000000000000e+00
1.622866964407021939e+01 2.410317668388307055e+01 1.000000000000000000e+00
1.706819378847551860e+01 2.458155040196515984e+01 1.000000000000000000e+00
1.714408378037546044e+01 2.475920753734147084e+01 1.000000000000000000e+00
1.655620110288129965e+01 2.675374939103540584e+01 1.000000000000000000e+00
1.654319626805119370e+01 2.680089804863620273e+01 1.000000000000000000e+00
1.881516782446376723e+01 2.438597203878226338e+01 1.000000000000000000e+00
1.803045383016722170e+01 2.428331139253730697e+01 1.000000000000000000e+00
2.075389317784144794e+01 2.492781967402652654e+01 1.000000000000000000e+00
1.535197763004748062e+01 2.072346440466317574e+01 1.000000000000000000e+00
1.565972727402887621e+01 2.044763571528835300e+01 1.000000000000000000e+00
1.647140839650983324e+01 2.019545002156294800e+01 1.000000000000000000e+00
1.750781912633539150e+01 2.056829503943324156e+01 1.000000000000000000e+00
1.780831115469034742e+01 1.974622907741964184e+01 1.000000000000000000e+00
1.720234367055909885e+01 2.139269378397025889e+01 1.000000000000000000e+00
1.847950622232139750e+01 2.157104402760726458e+01 1.000000000000000000e+00
1.837263884419943949e+01 2.183270215591935326e+01 1.000000000000000000e+00
1.870371259428907962e+01 2.173007151111098523e+01 1.000000000000000000e+00
1.951317777368843664e+01 2.075234926411314973e+01 1.000000000000000000e+00
1.979701308778265556e+01 2.062518402392145944e+01 1.000000000000000000e+00
1.931491246850151455e+01 1.991212542712576905e+01 1.000000000000000000e+00
1.887512430390077256e+01 1.873196759523162314e+01 1.000000000000000000e+00
1.904352878143240346e+01 1.857443020347490048e+01 1.000000000000000000e+00
2.124289592355526679e+01 2.165999197617787075e+01 1.000000000000000000e+00
2.267046631453227690e+01 2.295436043042379382e+01 1.000000000000000000e+00
2.216098286288830366e+01 2.316992211083806907e+01 1.000000000000000000e+00
2.344361120248249364e+01 2.207045598574370260e+01 1.000000000000000000e+00
2.200701138886399022e+01 1.992994158421625528e+01 1.000000000000000000e+00
2.040760190899619531e+01 1.764320017737052737e+01 1.000000000000000000e+00
2.138530491449479953e+01 1.710888417254571792e+01 1.000000000000000000e+00
2.104088393684993363e+01 1.669428798398969960e+01 1.000000000000000000e+00
2.101788880616729216e+01 1.587930354593137494e+01 1.000000000000000000e+00
2.145441614239758721e+01 1.460568351530370279e+01 1.000000000000000000e+00
2.152418616097019566e+01 1.634406238210890550e+01 1.000000000000000000e+00
2.176604961018752249e+01 1.778944515034658735e+01 1.000000000000000000e+00
2.295578937587846369e+01 1.808911215340040712e+01 1.000000000000000000e+00
2.251866520266315064e+01 1.883211934984258562e+01 1.000000000000000000e+00
2.284736745903117594e+01 1.934519067258186809e+01 1.000000000000000000e+00
2.452218880297649051e+01 1.890828622328404407e+01 1.000000000000000000e+00
2.513104028928910338e+01 1.911113581223958491e+01 1.000000000000000000e+00
2.207164218812041412e+01 1.712515013575974976e+01 1.000000000000000000e+00
2.305149003374524597e+01 1.748071054848052341e+01 1.000000000000000000e+00
2.584794489491893188e+01 1.676011199280083730e+01 1.000000000000000000e+00
2.756189074324768384e+01 1.509083065088103837e+01 1.000000000000000000e+00
2.286138020348607824e+01 1.453784738905985563e+01 1.000000000000000000e+00
2.316561428073109496e+01 1.459115422938356943e+01 1.000000000000000000e+00
2.319571131381749396e+01 1.414106270371197915e+01 1.000000000000000000e+00
2.448492429028132733e+01 1.374272988729155287e+01 1.000000000000000000e+00
1.389153628080208058e+01 1.728073749867602515e+01 2.000000000000000000e+00
1.357874361358801352e+01 1.658262794483346525e+01 2.000000000000000000e+00
1.421149646794649080e+01 1.500243536330083316e+01 2.000000000000000000e+00
1.388799484253311967e+01 1.442900015367180089e+01 2.000000000000000000e+00
1.518334147946926294e+01 1.493306355359580984e+01 2.000000000000000000e+00
1.549843181890666521e+01 1.630182604166909854e+01 2.000000000000000000e+00
1.621622366428168505e+01 1.608047998994943129e+01 2.000000000000000000e+00
1.680226445465500973e+01 1.605772271096354231e+01 2.000000000000000000e+00
1.617856053347435363e+01 1.599658052696071309e+01 2.000000000000000000e+00
1.650120717572207951e+01 1.604622390184069758e+01 2.000000000000000000e+00
1.563168184778533565e+01 1.418868321569872748e+01 2.000000000000000000e+00
1.576157945779261382e+01 1.452145584187621630e+01 2.000000000000000000e+00
1.540909379581724714e+01 1.403434808699104153e+01 2.000000000000000000e+00
1.589661127250997019e+01 1.288814380294288675e+01 2.000000000000000000e+00
1.466444383267375784e+01 1.111549370046233953e+01 2.000000000000000000e+00
1.446855251865791381e+01 1.072713753902607614e+01 2.000000000000000000e+00
1.646302854677622918e+01 1.556053946415581990e+01 2.000000000000000000e+00
1.591348727174269406e+01 1.438436091436568276e+01 2.000000000000000000e+00
1.684844803069510277e+01 1.483750182321182010e+01 2.000000000000000000e+00
1.710027590246714624e+01 1.429873723672941210e+01 2.000000000000000000e+00
1.718953740926536966e+01 1.396127748116324163e+01 2.000000000000000000e+00
1.722853275419555175e+01 1.492191163481784777e+01 2.000000000000000000e+00
1.683487808276787590e+01 1.364972942590513050e+01 2.000000000000000000e+00
1.639448000840961583e+01 1.405788520711973177e+01 2.000000000000000000e+00
1.598312887023834428e+01 1.383277770147162400e+01 2.000000000000000000e+00
1.698501683114401573e+01 1.389050812076842334e+01 2.000000000000000000e+00
1.736742921027550679e+01 1.361092521439458736e+01 2.000000000000000000e+00
1.778099010289005122e+01 1.394650119182226256e+01 2.000000000000000000e+00
1.751277418116599449e+01 1.301453152864106322e+01 2.000000000000000000e+00
1.678587458455259451e+01 1.340149633448524469e+01 2.000000000000000000e+00
1.680797499501777637e+01 1.235678091827662683e+01 2.000000000000000000e+00
1.624378472094233672e+01 1.218867309080052053e+01 2.000000000000000000e+00
1.670946690883341645e+01 1.234937577769234096e+01 2.000000000000000000e+00
1.565664902898939204e+01 1.166684302981254007e+01 2.000000000000000000e+00
1.587515947049834431e+01 1.228780183406933979e+01 2.000000000000000000e+00
1.603098594398817411e+01 1.131341966906214402e+01 2.000000000000000000e+00
1.590388434201573808e+01 1.043791378814053772e+01 2.000000000000000000e+00
1.653556130343289965e+01 1.071139234486421898e+01 2.000000000000000000e+00
1.693004862991334747e+01 1.100465149892158934e+01 2.000000000000000000e+00
1.671465792844188769e+01 1.026256297059664035e+01 2.000000000000000000e+00
1.725090281817389837e+01 1.121289304507535789e+01 2.000000000000000000e+00
1.791839601443796326e+01 1.156947054141511444e+01 2.000000000000000000e+00
1.860188453293297428e+01 1.163206858473679439e+01 2.000000000000000000e+00
1.816491540220094691e+01 1.043606935585549600e+01 2.000000000000000000e+00
1.777529334493283386e+01 1.045994957956787630e+01 2.000000000000000000e+00
1.786774182750494333e+01 9.287524817915748798e+00 2.000000000000000000e+00
1.723784876234893559e+01 1.039123536043114981e+01 2.000000000000000000e+00
1.691560907012287629e+01 9.154972005024728077e+00 2.000000000000000000e+00
1.731183918902343066e+01 9.774941744970231383e+00 2.000000000000000000e+00
1.707040476983842936e+01 9.530393961974571226e+00 2.000000000000000000e+00
1.637486677778172606e+01 9.185803377188621610e+00 2.000000000000000000e+00
1.661922860431577575e+01 8.870937786679698789e+00 2.000000000000000000e+00
1.951514268196108759e+01 9.591216367750499572e+00 2.000000000000000000e+00
1.902360021612023999e+01 9.256643892419512909e+00 2.000000000000000000e+00
1.711065717877937331e+01 8.147937609336228348e+00 2.000000000000000000e+00
1.667952169436187049e+01 7.194726204964228877e+00 2.000000000000000000e+00
1.723826904283365380e+01 7.277194990366359306e+00 2.000000000000000000e+00
1.783324626851897321e+01 8.008113866572852402e+00 2.000000000000000000e+00
1.865485025950399844e+01 9.050099813141786242e+00 2.000000000000000000e+00
1.878293284682710151e+01 8.645375014423537507e+00 2.000000000000000000e+00
1.871231330979240681e+01 8.326314617779406291e+00 2.000000000000000000e+00
1.873445243772139435e+01 8.262709233726392100e+00 2.000000000000000000e+00
1.765502371681617433e+01 7.257972703769728362e+00 2.000000000000000000e+00
1.819003921524403466e+01 6.836987745662780114e+00 2.000000000000000000e+00
1.839628655575690175e+01 7.813570826997960239e+00 2.000000000000000000e+00
1.948009561368868248e+01 7.517122400179831132e+00 2.000000000000000000e+00
1.906709885273265215e+01 8.184994535662168502e+00 2.000000000000000000e+00
1.950828267032250807e+01 7.900256682731693125e+00 2.000000000000000000e+00
2.005572403471550658e+01 8.779701199934754285e+00 2.000000000000000000e+00
1.833632805376981167e+01 6.290835767242459298e+00 2.000000000000000000e+00
1.840978493369845381e+01 6.367086471029563377e+00 2.000000000000000000e+00
1.886211897767758217e+01 6.042778530676010007e+00 2.000000000000000000e+00
1.821202172680237652e+01 6.154659391465996165e+00 2.000000000000000000e+00
1.823678064306992042e+01 6.182487546427838154e+00 2.000000000000000000e+00
2.057634381462174744e+01 8.503402338743342170e+00 2.000000000000000000e+00
2.093078738358335045e+01 8.379243746378202573e+00 2.000000000000000000e+00
2.027584945923367599e+01 7.603811619328124216e+00 2.000000000000000000e+00
2.003735505397085603e+01 6.896545766307573544e+00 2.000000000000000000e+00
1.983324417489625802e+01 5.871793349901954784e+00 2.000000000000000000e+00
1.975170800784450975e+01 5.273876511738174955e+00 2.000000000000000000e+00
2.032623104660848412e+01 4.677169982421778727e+00 2.000000000000000000e+00
2.048357181180242748e+01 5.230932276294518957e+00 2.000000000000000000e+00
2.090993150361817854e+01 5.812791643026401722e+00 2.000000000000000000e+00
2.035327832560723493e+01 5.893673334143868736e+00 2.000000000000000000e+00
2.008719094103112823e+01 6.102577178338187025e+00 2.000000000000000000e+00
2.166540727748596140e+01 7.744895447254452669e+00 2.000000000000000000e+00
2.185797697705220344e+01 8.064336682450271354e+00 2.000000000000000000e+00
2.185435798442853184e+01 7.582606625087954910e+00 2.000000000000000000e+00
2.145425852224684249e+01 6.554609296419327436e+00 2.000000000000000000e+00
2.032982375528076346e+01 4.777519585670787272e+00 2.000000000000000000e+00
2.193064890523791277e+01 6.650059002037470357e+00 2.000000000000000000e+00
2.176982666427809932e+01 5.984706570095937650e+00 2.000000000000000000e+00
2.354034565390237077e+01 6.230704802971395395e+00 2.000000000000000000e+00
2.360503340695288088e+01 6.822367944015049090e+00 2.000000000000000000e+00
2.102457199445871083e+01 4.339199590764954095e+00 2.000000000000000000e+00
2.147786280104751810e+01 4.326636194982190098e+00 2.000000000000000000e+00
2.202663759893863116e+01 4.808126333127992424e+00 2.000000000000000000e+00
2.213117106597539063e+01 4.338486705332519122e+00 2.000000000000000000e+00
2.170821752931322024e+01 4.744553066292862553e+00 2.000000000000000000e+00
2.224559329378558559e+01 4.631910970925012805e+00 2.000000000000000000e+00
2.287444188419049951e+01 4.908827203863522115e+00 2.000000000000000000e+00
2.307180820382254538e+01 5.298203541968071306e+00 2.000000000000000000e+00
2.318158125637065581e+01 5.898115599413413790e+00 2.000000000000000000e+00
2.371764403311486191e+01 5.256991638663290445e+00 2.000000000000000000e+00
2.419004909171743734e+01 5.561686325269018738e+00 2.000000000000000000e+00
2.458634763595067696e+01 5.557883271535168923e+00 2.000000000000000000e+00
2.507799099205431759e+01 6.016182017296437756e+00 2.000000000000000000e+00
2.444384108419002288e+01 5.406756800442130029e+00 2.000000000000000000e+00
2.396510825335483119e+01 4.641831733362266732e+00 2.000000000000000000e+00
2.302687442782567473e+01 4.285141567776689087e+00 2.000000000000000000e+00
2.211553776213004241e+01 3.899969273646134216e+00 2.000000000000000000e+00
2.190775469420158572e+01 3.606920780435425744e+00 2.000000000000000000e+00
2.232925515397051086e+01 3.115874885483408185e+00 2.000000000000000000e+00
2.275476238497859427e+01 3.097389767578531128e+00 2.000000000000000000e+00
2.314970988789309203e+01 3.818587574061587109e+00 2.000000000000000000e+00
2.314703964274269055e+01 3.513173268376467817e+00 2.000000000000000000e+00
2.256654567973753700e+01 3.839661523726082493e+00 2.000000000000000000e+00
2.372231150679492728e+01 3.540377100091486096e+00 2.000000000000000000e+00
2.353747897413774837e+01 4.350571591998779297e+00 2.000000000000000000e+00
2.383716333097050466e+01 3.262133994107424328e+00 2.000000000000000000e+00
2.390665740904328374e+01 3.126782562126871223e+00 2.000000000000000000e+00
2.460365175766933632e+01 3.524037160807729663e+00 2.000000000000000000e+00
2.467531562371926768e+01 3.395822009701998656e+00 2.000000000000000000e+00
2.458832135420819043e+01 4.101688319936778626e+00 2.000000000000000000e+00
2.544579404504370856e+01 5.282562088022695335e+00 2.000000000000000000e+00
2.624470156163530277e+01 5.120382266318592279e+00 2.000000000000000000e+00
2.657160328699063712e+01 4.460515314153280286e+00 2.000000000000000000e+00
2.684428437441495419e+01 5.071001360097791455e+00 2.000000000000000000e+00
2.693378474783446208e+01 4.614604619737616709e+00 2.000000000000000000e+00
2.663638585155900174e+01 4.333239968899648353e+00 2.000000000000000000e+00
2.589226197604157065e+01 4.492064844580765381e+00 2.000000000000000000e+00
2.666251074135811550e+01 3.775510992806210719e+00 2.000000000000000000e+00
2.530619907787444944e+01 3.793077449091801334e+00 2.000000000000000000e+00
2.594188943128626335e+01 3.444723645056000816e+00 2.000000000000000000e+00
2.482696855956128701e+01 3.509152269143943847e+00 2.000000000000000000e+00
2.474650389081646651e+01 3.627148558342144558e+00 2.000000000000000000e+00
2.572843479948462786e+01 3.135443050474999271e+00 2.000000000000000000e+00
2.419995463997904750e+01 2.917563495803972895e+00 2.000000000000000000e+00
2.462733235562093626e+01 2.890766393258653810e+00 2.000000000000000000e+00
2.514745526289594579e+01 2.238461458845712126e+00 2.000000000000000000e+00
2.624767783633919294e+01 2.603051009195553878e+00 2.000000000000000000e+00
2.693760815304259637e+01 2.611961328153789896e+00 2.000000000000000000e+00
2.650420485545341975e+01 2.794216303108393085e+00 2.000000000000000000e+00
2.765397830307072269e+01 2.751966843448872879e+00 2.000000000000000000e+00
2.775821346218135588e+01 3.336570992750557352e+00 2.000000000000000000e+00
2.847683533343502660e+01 3.527755505015046644e+00 2.000000000000000000e+00
2.786663652313793094e+01 3.985387292100964540e+00 2.000000000000000000e+00
2.808238140158173124e+01 5.152723033059396940e+00 2.000000000000000000e+00
2.784860000124819734e+01 5.157469835007240100e+00 2.000000000000000000e+00
2.827720415708454382e+01 5.455944950880554423e+00 2.000000000000000000e+00
2.957209003794323365e+01 5.648422128858980429e+00 2.000000000000000000e+00
3.029736643573134813e+01 2.620310453900781766e+00 2.000000000000000000e+00
2.919537741760367666e+01 3.231340185045146196e+00 2.000000000000000000e+00
2.935293532796405458e+01 2.816566777897222096e+00 2.000000000000000000e+00
2.846563017564347575e+01 3.287332058489022657e+00 2.000000000000000000e+00
2.880890846760421908e+01 4.046732474566460347e+00 2.000000000000000000e+00
2.818476353683801960e+01 3.946422092908634660e+00 2.000000000000000000e+00
2.900929764775016650e+01 3.907834625481140911e+00 2.000000000000000000e+00
2.850633316688626806e+01 4.612896966253472009e+00 2.000000000000000000e+00
2.958519175041667637e+01 4.224441929642644311e+00 2.000000000000000000e+00
3.070963484379322139e+01 3.528381497168361580e+00 2.000000000000000000e+00
3.005417238506639777e+01 3.849214021032355770e+00 2.000000000000000000e+00
2.996986503227737586e+01 3.646533044494407072e+00 2.000000000000000000e+00
3.022808732533865950e+01 3.270708347855539877e+00 2.000000000000000000e+00
3.057229556129822257e+01 4.984854277576174830e+00 2.000000000000000000e+00
2.973333522255963501e+01 5.392195295352939510e+00 2.000000000000000000e+00
3.007075231938869919e+01 5.632978627391318938e+00 2.000000000000000000e+00
3.142817482310423216e+01 5.823727198024044149e+00 2.000000000000000000e+00
3.097129251990939025e+01 6.059467354819467744e+00 2.000000000000000000e+00
3.164061117671993273e+01 6.812447833788330520e+00 2.000000000000000000e+00
3.234650137562762495e+01 7.845178460185469049e+00 2.000000000000000000e+00
3.330037473752445010e+01 6.509193288373642083e+00 2.000000000000000000e+00
3.178603106372617404e+01 6.821184990370568357e+00 2.000000000000000000e+00
3.176256532311573011e+01 6.265646221236360169e+00 2.000000000000000000e+00
3.253797277953866995e+01 5.545124745898031726e+00 2.000000000000000000e+00
3.210023352448515510e+01 5.958899183738541439e+00 2.000000000000000000e+00
3.249657168614702840e+01 5.255764714426105044e+00 2.000000000000000000e+00
3.184819996841058298e+01 4.180937439300086211e+00 2.000000000000000000e+00
3.197621449050619091e+01 3.307715909556732559e+00 2.000000000000000000e+00
3.219983577250216911e+01 3.691769175508075040e+00 2.000000000000000000e+00
3.225853691399635181e+01 4.336949540431179528e+00 2.000000000000000000e+00
3.187093426328148382e+01 4.665803900500447909e+00 2.000000000000000000e+00
3.389656684945369847e+01 3.902235945529161754e+00 2.000000000000000000e+00
3.399394688287839017e+01 4.876068523303182189e+00 2.000000000000000000e+00
3.336472408301235504e+01 5.098655557275987071e+00 2.000000000000000000e+00
3.273951309678556498e+01 4.947999135282757699e+00 2.000000000000000000e+00
3.315418956327266642e+01 5.548900406680692399e+00 2.000000000000000000e+00
3.286497883000136966e+01 5.950789848615728239e+00 2.000000000000000000e+00
3.379798852781462415e+01 5.505664940420459175e+00 2.000000000000000000e+00
3.389132157669697420e+01 5.117092473020691479e+00 2.000000000000000000e+00
3.434412788647357928e+01 6.086455349904455581e+00 2.000000000000000000e+00
3.495581011532634363e+01 6.230837366582024472e+00 2.000000000000000000e+00
3.383149722138162474e+01 6.798747242485669418e+00 2.000000000000000000e+00
3.337971936079360802e+01 6.649474410295001192e+00 2.000000000000000000e+00
3.353860649970283703e+01 6.382480966854664040e+00 2.000000000000000000e+00
3.437619221644186496e+01 6.254127414190874035e+00 2.000000000000000000e+00
3.462496799905389366e+01 6.656653081708075348e+00 2.000000000000000000e+00
3.423387825503453996e+01 7.207665959831548008e+00 2.000000000000000000e+00
3.422583511962493930e+01 7.500446939987711836e+00 2.000000000000000000e+00
3.500936473889151301e+01 7.496869096790203635e+00 2.000000000000000000e+00
3.517022904609324740e+01 7.960409038442477048e+00 2.000000000000000000e+00
3.569133391069870953e+01 6.822846539721105330e+00 2.000000000000000000e+00
3.601498001746342226e+01 6.321524210732528459e+00 2.000000000000000000e+00
3.586391741943597822e+01 6.465414018257265916e+00 2.000000000000000000e+00
3.560143702858755432e+01 7.254081383016224294e+00 2.000000000000000000e+00
3.541458257901449969e+01 7.507234859383918213e+00 2.000000000000000000e+00
3.534483313340714261e+01 7.171768391432452816e+00 2.000000000000000000e+00
3.573327787804168310e+01 8.151098686785234193e+00 2.000000000000000000e+00
3.757587226862560215e+01 6.618093941035771977e+00 2.000000000000000000e+00
3.769982911959879601e+01 7.343284751565606783e+00 2.000000000000000000e+00
2.892340356016241287e+01 3.927133306506748855e+00 2.000000000000000000e+00
3.434183225378189519e+01 8.341540201928514975e+00 2.000000000000000000e+00
3.522286159276809769e+01 8.716302592849004327e+00 2.000000000000000000e+00
3.548016939550083038e+01 8.912703516725137831e+00 2.000000000000000000e+00
3.542235880844367557e+01 9.626513593790154033e+00 2.000000000000000000e+00
3.490897461733779039e+01 9.589244460160477601e+00 2.000000000000000000e+00
3.602564976347755987e+01 8.309651587859828936e+00 2.000000000000000000e+00
3.578885024645580160e+01 8.883673172861922041e+00 2.000000000000000000e+00
3.682414641322366577e+01 9.170038672139897429e+00 2.000000000000000000e+00
3.667894717306550945e+01 9.308350292172685059e+00 2.000000000000000000e+00
3.629409430505538836e+01 9.793324427598175674e+00 2.000000000000000000e+00
3.558451047980715742e+01 9.848549087225752174e+00 2.000000000000000000e+00
3.643238523287981678e+01 9.958933572023010328e+00 2.000000000000000000e+00
3.746141398283489821e+01 9.071805854070200681e+00 2.000000000000000000e+00
3.752344215068926303e+01 9.050823680356209877e+00 2.000000000000000000e+00
3.834679294878878864e+01 1.024901867742159922e+01 2.000000000000000000e+00
3.727056258819486345e+01 9.803710712334558153e+00 2.000000000000000000e+00
3.711106443685904566e+01 1.051272737307408889e+01 2.000000000000000000e+00
3.656428397316006595e+01 1.064557849392788924e+01 2.000000000000000000e+00
3.622887956407296173e+01 1.087020301211030393e+01 2.000000000000000000e+00
3.614155074200616724e+01 1.173679657860180825e+01 2.000000000000000000e+00
3.675936603919540602e+01 1.227549033425740355e+01 2.000000000000000000e+00
3.701205236108213370e+01 1.167596411511616772e+01 2.000000000000000000e+00
3.752736894646943711e+01 1.192007347174035914e+01 2.000000000000000000e+00
3.774057326594837747e+01 1.162145581962968421e+01 2.000000000000000000e+00
3.797777480279301443e+01 1.120963917154522349e+01 2.000000000000000000e+00
3.790763377766045039e+01 1.180044046378311151e+01 2.000000000000000000e+00
3.703344995800198092e+01 1.219453891077663954e+01 2.000000000000000000e+00
3.678515959413843461e+01 1.216804346231547740e+01 2.000000000000000000e+00
3.655889029761340936e+01 1.284001560348858462e+01 2.000000000000000000e+00
3.761904833054418162e+01 1.393430090705380842e+01 2.000000000000000000e+00
3.774088207632176051e+01 1.400153396470479983e+01 2.000000000000000000e+00
3.796599780711831329e+01 1.388404456431096712e+01 2.000000000000000000e+00
3.752548700230437362e+01 1.387225090469790878e+01 2.000000000000000000e+00
3.832456350447251481e+01 1.390918431468636030e+01 2.000000000000000000e+00
3.873647448575226804e+01 1.338828988573473211e+01 2.000000000000000000e+00
3.818650178937551942e+01 1.240192300514988055e+01 2.000000000000000000e+00
3.800097553861795774e+01 1.261775568340333287e+01 2.000000000000000000e+00
3.855041954569711038e+01 1.213779721011256996e+01 2.000000000000000000e+00
3.930136503939671400e+01 1.154950019979792941e+01 2.000000000000000000e+00
3.946751369101126272e+01 1.208654294808459539e+01 2.000000000000000000e+00
3.938338461035409921e+01 1.219641370533945413e+01 2.000000000000000000e+00
3.921563142971364613e+01 1.227427249247805463e+01 2.000000000000000000e+00
4.011978500174403450e+01 1.174515685789720010e+01 2.000000000000000000e+00
4.022249208127903586e+01 1.166615738762531151e+01 2.000000000000000000e+00
4.041408228231580324e+01 1.307042124368560287e+01 2.000000000000000000e+00
3.954830684392594264e+01 1.409909503264827890e+01 2.000000000000000000e+00
3.976911834991132366e+01 1.389999628200169823e+01 2.000000000000000000e+00
4.008889957628653633e+01 1.402532679867283427e+01 2.000000000000000000e+00
4.058560715834751420e+01 1.502478818074655109e+01 2.000000000000000000e+00
4.082255271212121528e+01 1.506571853254943427e+01 2.000000000000000000e+00
4.011595735080130964e+01 1.476694501813037519e+01 2.000000000000000000e+00
4.119214112506723779e+01 1.614952450331389144e+01 2.000000000000000000e+00
4.062953888884024423e+01 1.676960696723910260e+01 2.000000000000000000e+00
4.031418643291400628e+01 1.633224441555886131e+01 2.000000000000000000e+00
3.972321573248412818e+01 1.559146078648523570e+01 2.000000000000000000e+00
3.893274606582348696e+01 1.562363092543397514e+01 2.000000000000000000e+00
3.867976288159953668e+01 1.607234793016786867e+01 2.000000000000000000e+00
3.862350466278255823e+01 1.533510626212550321e+01 2.000000000000000000e+00
3.799840980013716774e+01 1.477806076873961061e+01 2.000000000000000000e+00
3.801122461965761801e+01 1.647219612662226496e+01 2.000000000000000000e+00
3.837258989944741217e+01 1.658392949164689156e+01 2.000000000000000000e+00
3.876966452766596660e+01 1.563843258796698876e+01 2.000000000000000000e+00
3.726614315919523079e+01 1.732542887043872071e+01 2.000000000000000000e+00
3.949272086701382278e+01 1.615425035060084724e+01 2.000000000000000000e+00
3.920655572333500061e+01 1.626578496877629831e+01 2.000000000000000000e+00
